67,4.649508
3402,5.793543
3371,5.781378
145,5.388046
3827,5.779936
3365,5.655730
1047,5.207594
3216,5.593297
524,5.614588
1768,5.375429
3500,5.707249
647,5.626714
38,5.350328
147,5.295746
1297,5.763482
248,5.875222
676,5.259249
35,4.046678
2198,5.621577
2047,5.429199
35,5.501004
706,5.684936
370,6.777903
102,6.969268
1752,5.339741
548,5.389419
3639,5.671530
2513,5.277362
3520,5.708662
3684,5.773819
300,6.657269
2874,5.609117
1446,5.750840
1996,5.462178
3339,5.628799
3210,5.690854
2996,5.660479
2202,5.325437
47,5.888931
980,5.838456
3228,5.756640
39,4.391411
2645,5.279850
3298,5.581744
84,4.071608
1264,6.052243
1060,5.765466
25,3.405282
184,5.612940
2885,5.741584
101,5.853262
2471,5.542794
2680,5.881196
3484,5.702244
2858,5.691459
147,6.785630
3608,5.815053
3625,5.728057
726,5.289615
237,7.148049
590,6.136920
42,4.658240
3046,5.668882
3557,5.749854
1699,5.299436
2441,5.722476
220,6.320037
120,6.340045
3372,5.763099
3947,5.820148
109,7.589107
755,5.827589
2506,5.361861
2873,5.451767
577,5.948675
626,6.746072
3310,5.719763
1277,5.388329
2673,5.337080
1184,5.802660
522,5.447229
173,6.748150
2953,5.594102
2074,5.559844
1448,5.964969
3435,5.727155
2780,5.502609
172,6.455048
63,8.197934
3822,5.836341
188,6.575296
1254,5.846871
104,5.087114
3427,5.665548
3260,5.588303
3059,5.597762
139,6.161783
3473,5.666244
86,6.531701
2831,5.601936
2334,5.351491
3576,5.740324
607,5.756826
533,5.528389
1489,5.221048
1473,5.107007
1197,5.798384
468,6.162435
123,6.810734
98,4.827479
100,5.801204
321,6.934849
83,7.129090
3125,5.685145
2478,5.417678
546,6.099745
1229,5.811718
1908,5.547917
1119,5.834331
29,5.482012
88,4.579821
49,5.215360
46,6.078617
3122,5.551515
3078,5.655195
612,5.559394
712,5.050428
3729,5.730033
297,6.477001
340,6.893435
3496,5.731631
2802,5.635879
298,6.230681
354,6.978101
3084,5.643069
2597,5.481386
1811,5.561184
3018,5.669471
474,5.857804
623,5.545380
3370,5.708832
3445,5.729545
158,6.765173
25,3.948510
883,5.048805
578,5.717645
73,4.973941
3376,5.679079
3217,5.582207
2026,5.878036
2823,5.606605
2583,5.419406
3463,5.742155
3396,5.720888
3578,5.733610
375,6.703940
2988,5.647347
79,5.197429
3178,5.674593
48,6.463348
1229,6.046755
195,6.570694
57,4.427904
3202,5.637181
1547,5.700537
2476,5.488085
1894,5.336590
3358,5.660755
775,5.811713
55,6.476886
2055,5.492624
138,7.356688
1671,5.893522
3319,5.658803
32,5.157473
1374,5.102475
1002,5.483081
1081,5.488475
3742,5.806226
3228,5.725052
2356,5.333853
3407,5.716747
2294,5.599642
26,4.815331
2172,5.782928
84,5.469232
3838,5.846459
36,5.293012
49,5.895446
845,6.040791
2509,5.524713
42,4.083769
28,4.392964
59,5.886142
2120,5.298055
3137,5.668363
3205,5.697089
3633,5.796295
1920,5.290173
74,6.205396
408,6.292945
643,6.056000
37,5.716964
120,7.441369
97,7.183356
3200,5.669072
52,4.002029
2027,5.430581
1176,5.425322
2347,5.290967
530,5.869609
146,6.150186
2770,5.659587
1020,5.719166
25,3.362701
544,5.330719
1544,5.230190
1721,5.355812
3479,5.721160
3645,5.720735
509,5.559959
2991,5.594637
1569,5.316636
3681,5.733058
1638,5.396493
80,5.529948
3773,5.760699
604,5.808565
166,5.434040
1077,5.671306
356,6.069953
2828,5.681521
172,6.961524
49,3.750387
3304,5.575467
3323,5.691352
621,6.436622
54,5.297054
139,6.913901
31,3.766244
3636,5.713070
772,6.120354
140,6.656946
187,5.568694
174,6.222275
822,5.511530
3331,5.743757
3436,5.644962
3210,5.665194
3185,5.830474
3247,5.809374
401,6.036375
1031,5.390128
439,5.972687
28,4.933304
1900,5.485273
779,5.531357
186,6.792713
48,6.134539
1921,5.249057
1017,5.633228
2890,5.428626
992,5.226022
3842,5.816815
2697,5.402847
1660,5.592254
3102,5.660022
3304,5.606771
962,5.846349
942,5.761340
3702,5.818652
3484,5.608865
2514,5.268246
2403,5.611658
39,5.710744
3136,5.626585
3090,5.740495
457,6.738207
121,7.010146
2869,5.411889
209,5.701835
76,6.830410
3378,5.770649
3655,5.705778
3682,5.829222
522,5.286190
3531,5.638443
122,6.554079
2691,5.721023
2026,5.401486
1613,5.780837
3619,5.718492
531,6.961576
1877,5.668629
1744,5.342010
3358,5.627013
1866,5.795995
3339,5.650585
1201,5.468725
35,5.187337
1184,6.244859
152,7.267290
775,6.046420
397,6.470393
3678,5.755825
1969,5.591216
94,6.018684
2647,5.580456
3587,5.732347
309,6.511188
2913,5.490745
527,6.973247
914,5.878041
140,5.974736
54,4.088944
217,6.337009
3670,5.703794
2637,5.656694
2726,5.437530
225,7.077224
497,6.198764
342,5.966762
3655,5.762061
2867,5.508192
46,5.396646
29,4.525761
3684,5.764543
2957,5.613688
93,7.490626
3507,5.754537
3253,5.592876
948,5.934579
290,6.333273
3961,5.798496
3645,5.713051
2916,5.456487
3705,5.831310
1312,5.493573
1874,5.407116
2734,5.650954
770,6.018654
717,5.700648
355,5.712472
3189,5.714750
3402,5.758977
3521,5.733030
261,4.850926
1519,5.124891
26,3.337234
54,4.783875
2005,5.643308
49,5.634535
569,5.590951
1432,5.853851
25,3.468413
3125,5.527408
2573,5.371458
3185,5.690291
509,5.906287
3739,5.833844
179,5.999254
1791,5.574086
456,6.228752
124,7.823933
211,7.046666
120,5.661183
75,4.778915
773,5.557733
3515,5.779596
1535,5.345944
1010,5.494854
27,5.084306
3587,5.753422
3399,5.588238
72,5.862626
1998,5.566461
59,7.685813
1237,5.230562
100,7.401121
82,6.939475
2994,5.703386
2999,5.606904
3705,5.759004
558,5.643924
3009,5.506087
122,6.267960
587,5.945044
2343,5.514578
3001,5.667319
519,6.046065
468,6.527114
1553,5.388557
2076,5.503263
88,4.519471
3364,5.708506
2924,5.550906
122,4.470793
1571,5.221449
1381,5.083159
1085,5.703230
890,5.298375
198,7.565015
2966,5.805505
3868,5.813147
890,5.266271
91,6.217546
2736,5.455503
2643,5.740684
3182,5.633223
105,6.452188
2000,5.623884
3573,5.677630
3270,5.610532
1297,5.268736
138,4.917302
3670,5.734701
104,5.791994
1015,5.507543
3400,5.602214
175,5.223393
630,6.123701
2077,5.679987
3614,5.720423
28,3.569069
3432,5.680883
3359,5.897041
1695,5.570672
3532,5.708275
1332,5.542126
93,5.428229
2901,5.760838
1558,5.342074
2042,5.445552
3087,5.634793
1756,5.625153
197,5.129154
432,6.162250
3655,5.739890
2273,5.577641
75,4.849872
1993,5.444005
584,4.943610
2012,5.645745
915,5.921824
3908,5.833072
112,5.971447
63,6.144348
116,6.258348
462,5.638161
2989,5.445193
154,5.715401
3646,5.715923
1727,5.470918
2975,5.374450
110,7.775755
549,5.848424
2010,5.492466
1598,6.078461
3526,5.747109
619,6.650194
234,8.098104
3602,5.716400
3414,5.609877
1584,5.476687
233,6.998717
152,5.283862
81,5.585531
3366,5.692820
3760,5.793837
2341,5.463201
120,5.568794
807,5.484631
2941,5.652062
3516,5.801444
519,4.990765
415,5.807114
3844,5.817944
3305,5.698292
168,5.300709
947,5.797124
198,6.389977
46,5.343390
2404,5.275469
52,7.903779
1685,5.342742
254,6.359902
132,5.520726
3361,5.735402
691,5.582569
3513,5.682508
315,6.212224
25,3.193632
2852,5.368765
3335,5.684592
2137,5.275278
80,5.259121
30,4.540609
491,6.800746
2815,5.616219
3203,5.828756
627,5.322824
3493,5.608074
3181,5.705184
38,5.568357
121,7.581074
88,5.246116
121,4.478334
1551,5.508749
753,5.674097
3546,5.788233
3186,5.707243
1573,5.684483
2969,5.603580
95,7.084690
128,5.226689
31,6.128503
3583,5.772564
3465,5.686493
1696,5.588390
77,5.339108
1317,5.357000
235,7.367359
2212,5.303340
834,5.394076
2413,5.636451
3585,5.731106
249,7.486222
1051,5.566594
3479,5.710609
1651,5.225203
3088,5.640154
3773,5.772202
1493,5.366884
2759,5.588926
2417,5.343749
318,6.749831
528,6.168131
1156,5.813910
1271,5.825581
150,7.146459
84,7.013547
236,5.168537
35,3.756463
305,5.810078
170,6.313695
3083,5.635019
3631,5.784939
78,3.886786
136,7.572398
3108,5.698278
2099,5.587208
3072,5.689362
182,5.761403
3533,5.671112
3352,5.689728
45,5.321534
3400,5.785396
3172,5.594819
69,5.377771
86,4.960592
3082,5.542619
3092,5.704643
3090,5.636234
99,6.196834
926,6.001539
75,6.012391
3382,5.733624
3300,5.682275
3686,5.841912
2971,5.641270
1292,5.802262
3047,5.426230
474,6.928460
2989,5.698471
3828,5.804518
26,4.084334
250,7.132466
342,6.557461
1406,6.004668
987,5.438175
71,5.669434
38,5.639702
116,6.638546
1973,5.478503
262,5.481198
192,7.084843
2665,5.587967
312,5.504861
3182,5.521786
484,4.946508
1564,5.618586
2082,5.462946
2279,5.580700
98,5.223912
44,5.755430
114,7.193068
27,4.503911
2158,5.684866
3318,5.635233
141,6.482876
2144,5.399640
3527,5.772818
695,5.171674
63,5.515980
1417,5.402358
822,5.290796
3176,5.628320
2729,5.585605
36,4.183599
336,6.908249
3541,5.764157
1152,5.465082
54,5.026102
3112,5.463696
2432,5.581375
3524,5.719166
1488,5.511384
160,4.622606
3652,5.702981
3404,5.674469
75,5.315093
83,4.673142
1756,5.224959
974,5.963006
2973,5.495371
196,5.286239
2978,5.506398
1818,5.686842
1652,5.360668
576,5.919911
3535,5.745508
1885,5.552777
3706,5.723574
3566,5.756135
1255,5.828312
25,3.691549
555,5.898579
2724,5.546022
202,6.626291
2557,5.809514
3559,5.662396
1427,5.485775
154,5.867757
3717,5.740387
127,5.947473
275,6.304200
772,5.562603
1567,5.362755
2298,5.560589
3606,5.730412
2604,5.626536
3511,5.664634
53,5.112381
195,5.231957
145,6.083604
458,6.025011
137,5.538347
57,6.446600
194,6.250526
2647,5.439230
3789,5.793134
3218,5.763710
414,4.854639
2603,5.679926
3568,5.763474
2983,5.516792
2989,5.576697
746,5.322133
87,5.581396
160,4.963762
1080,5.694359
2796,5.550370
1819,5.152640
3525,5.738422
3489,5.647732
32,3.938643
3722,5.745491
1782,5.448886
3261,5.720187
2887,5.658921
3442,5.677814
26,4.783173
570,7.009218
123,6.111996
3300,5.718887
760,5.455331
1188,5.320280
2151,5.476262
223,7.095202
2172,5.431038
1361,5.291333
1530,5.147200
68,6.406725
2768,5.643625
1257,5.623532
1096,5.111343
830,5.451120
176,5.474403
337,6.164727
2834,5.507130
3644,5.667035
263,5.493950
3367,5.675965
2603,5.624538
3178,5.704882
3732,5.722610
339,5.694465
1531,5.207343
47,4.339333
206,5.850878
116,6.560606
3519,5.690116
65,6.989713
135,5.160294
1168,5.222809
2138,5.568415
2024,5.658068
1624,5.773683
286,4.688486
3867,5.785719
372,6.296934
3271,5.654856
2638,5.623861
628,5.645366
867,5.466561
343,5.470665
888,5.484184
590,6.437268
1210,6.038455
1820,5.598992
3342,5.633956
3251,5.824770
378,5.549095
173,7.261960
30,4.653084
427,5.481037
2104,5.522050
120,5.846944
2140,5.700434
3521,5.711874
1369,5.077930
169,7.676018
2445,5.383745
514,7.074880
34,4.857851
1858,5.452508
3374,5.731684
118,7.469524
26,5.658752
1558,5.877696
3568,5.731734
333,6.965933
323,5.563646
3507,5.743354
145,7.402113
985,6.023690
405,5.707055
119,6.267864
1023,5.800101
3202,5.699688
3559,5.719445
130,6.928364
2443,5.667893
2265,5.583224
1047,6.105753
390,6.052948
3461,5.693108
3485,5.748486
768,6.017923
2371,5.471367
1216,5.220549
42,6.513302
3256,5.622226
188,5.985112
56,8.564079
3137,5.668363
56,6.445118
1080,5.547698
2390,5.280415
27,4.840155
56,4.716871
240,4.677934
262,7.096521
3308,5.708393
2996,5.639643
2900,5.663087
434,4.825167
3391,5.729704
2778,5.520299
2856,5.595786
3390,5.629815
2639,5.342886
3076,5.643379
3785,5.774725
123,5.969794
486,5.398324
875,5.924746
2624,5.606322
1461,5.173717
2937,5.578068
824,6.152010
852,5.132390
3365,5.713615
3071,5.684898
2745,5.436782
1388,5.298490
3128,5.650039
2865,5.496750
189,6.698668
1099,6.104524
2306,5.859200
1056,5.688493
3637,5.708009
35,4.253446
450,5.608360
146,5.787256
3340,5.600096
3076,5.539172
1627,5.794722
823,6.448424
250,6.200370
1786,5.530094
2614,5.546180
54,5.392663
2666,5.650855
3783,5.739478
189,5.567009
222,5.438463
226,5.871870
442,6.757733
3199,5.699715
1493,5.290542
84,5.361408
3862,5.737560
931,5.039571
179,6.094239
468,5.425279
2503,5.353434
3303,5.701700
66,5.629037
2162,5.553039
2368,5.494463
41,5.373806
1185,5.467769
3520,5.725325
3000,5.698483
1161,5.726645
56,6.113314
135,6.628057
3121,5.654827
2211,5.201695
1040,5.668021
134,6.137161
2466,5.273256
3071,5.616906
3252,5.654461
421,6.022400
458,5.877309
3433,5.686033
745,6.773095
3102,5.664123
42,4.953506
603,5.564869
67,7.959877
3199,5.609120
3388,5.702108
3138,5.771009
2622,5.777827
59,5.192443
55,5.689761
36,4.854258
2532,5.717043
3187,5.503188
187,7.612785
121,6.849813
94,7.276171
216,7.433030
1142,5.744604
913,5.494151
1653,5.727085
3651,5.704253
33,4.017379
2323,5.978409
3087,5.674858
3125,5.651291
203,7.253590
1277,5.672997
84,5.142560
1843,5.145483
916,5.624837
2551,5.514113
1714,5.371946
227,5.462841
3091,5.444373
27,6.203932
1296,5.886398
367,5.930468
52,5.184468
3446,5.767535
2844,5.556911
46,5.279138
1564,5.800879
3611,5.693650
3856,5.765716
179,5.440214
235,4.611002
2953,5.570910
198,7.803881
171,5.871397
514,6.035003
1806,5.190639
1579,5.547628
3489,5.765379
265,6.080101
3201,5.679894
3379,5.792579
48,4.427280
2200,5.524776
3742,5.784100
216,5.469373
3785,5.754628
143,7.967601
344,6.810822
104,5.907675
1922,5.479062
302,5.626608
2973,5.642556
189,7.785335
783,5.835614
252,5.286602
81,5.784617
179,7.662215
1065,5.083254
3443,5.674353
3628,5.733240
99,7.132032
2670,5.621096
204,6.193136
3693,5.698949
3323,5.691352
3595,5.742145
898,5.936250
1015,5.877382
3448,5.685898
115,5.674447
1326,5.307471
61,4.496695
132,7.212911
2889,5.441523
799,5.667476
2089,6.140700
2984,5.651302
51,6.669123
104,5.671282
42,5.191042
2938,5.437409
3542,5.736530
129,6.506397
1513,5.500860
549,5.082153
162,7.443203
503,6.464678
403,6.010192
2880,5.678436
3519,5.748467
37,5.509895
292,5.806618
3251,5.722104
2770,5.520032
101,7.039613
64,5.813251
242,6.063655
3603,5.734855
785,5.099721
3206,5.748052
2956,5.625448
1291,5.086598
2085,5.714268
3406,5.704680
2007,5.508930
3906,5.816452
43,6.043515
3019,5.789551
3278,5.723338
3391,5.729704
3028,5.422615
372,5.800982
28,3.548135
2592,5.313027
3746,5.803433
1639,5.486306
735,5.421963
3643,5.758535
2194,5.392421
1809,5.218729
615,5.653817
93,6.546416
358,6.383383
121,5.937922
78,6.385353
29,4.061576
310,5.803779
3202,5.737524
151,6.141017
27,3.807741
303,6.356230
1034,5.606481
3155,5.737625
492,6.552151
3893,5.781780
3684,5.726513
3506,5.758656
954,5.363526
185,7.505884
419,7.153022
652,7.111993
253,5.508747
585,5.647259
2485,5.440094
2521,5.513376
2501,5.588035
3746,5.759443
2059,5.760940
37,4.806098
57,3.870867
2555,5.597704
221,4.900333
3265,5.581783
257,4.813073
156,6.621525
3357,5.737761
1084,5.279866
2681,5.643208
3686,5.743550
240,5.874533
73,6.359888
3400,5.799274
3228,5.744238
682,5.244286
3506,5.784935
206,7.188750
3599,5.723653
1050,5.723034
72,4.114728
3267,5.672711
389,7.290910
31,4.779032
3580,5.799029
1524,5.265863
2164,5.573203
3572,5.715774
3092,5.591637
1118,5.786273
2832,5.376199
52,3.874426
3181,5.714938
339,6.628894
1625,5.606246
2279,5.406515
3761,5.808116
3404,5.647144
3378,5.674234
1205,5.374988
141,7.026792
336,5.950116
107,6.288024
1270,5.487569
477,6.838598
49,6.120502
153,7.085201
733,6.341443
858,6.312052
1857,5.664884
816,6.034404
531,5.992850
68,6.948686
1010,5.045759
3395,5.710166
2962,5.466199
178,4.614396
3284,5.610494
1646,5.854597
3262,5.718564
967,5.716043
2623,5.663203
2289,5.701019
3664,5.785317
3450,5.680052
39,6.302950
128,6.584028
2792,5.356367
33,4.646885
3426,5.705510
533,6.302964
834,5.366652
329,7.403552
2816,5.536875
604,6.893583
482,5.932381
59,6.580515
2542,5.640077
540,6.321309
3724,5.765147
942,5.536404
2204,5.792664
3489,5.702487
3304,5.754039
994,5.356991
3456,5.727497
111,5.251013
2458,5.492309
177,6.599385
1711,5.801436
907,5.481098
3138,5.544286
2988,5.770902
85,4.724771
871,5.591651
3108,5.526049
263,7.770485
86,6.817552
3040,5.608765
3108,5.598794
1383,5.829955
92,6.093927
2791,5.464110
297,5.908477
873,5.308208
3218,5.751473
3347,5.775578
3074,5.566681
96,6.316344
3379,5.576263
2031,5.326324
2657,5.654086
450,5.642494
213,5.500910
2153,5.454278
34,6.015195
114,6.939180
215,5.699699
321,6.527540
538,5.824853
406,5.087388
212,5.458383
35,5.156099
1313,5.530718
26,5.300208
340,5.839369
1457,5.227857
117,6.544892
1292,5.453294
1124,5.472850
1673,5.934081
2794,5.664627
720,5.795970
39,4.764551
3612,5.733664
191,5.717874
223,5.519783
2113,5.623322
3840,5.821217
2760,5.572719
3185,5.690291
1801,5.786556
768,5.776996
31,5.517318
355,4.978697
124,6.398249
120,6.315227
1495,5.626992
2062,5.461081
3412,5.710519
699,5.283084
327,7.415526
77,5.257330
271,6.947514
2588,5.693157
2007,5.378746
543,6.100628
3125,5.710934
1653,5.845273
3343,5.554167
3660,5.765787
522,5.963559
3936,5.836746
37,5.850447
106,5.963457
51,5.226964
428,6.054736
1953,5.559099
2534,5.579747
3256,5.663609
165,7.400444
1951,5.346111
2065,5.361362
1775,5.719540
58,3.736611
3595,5.767647
2892,5.619083
648,6.584012
2097,5.464519
257,5.725169
3483,5.760751
2578,5.654730
3002,5.734204
52,5.237353
1384,5.471963
2479,5.228679
95,6.065341
65,5.459092
389,6.058823
1461,5.348013
3538,5.764475
2278,5.455492
96,8.665179
72,7.042022
39,4.104710
3483,5.659066
826,5.973801
2389,5.535475
38,6.018199
1187,5.381495
2332,5.736529
3384,5.677833
3729,5.774709
240,5.970103
3794,5.758748
1811,5.251195
2342,5.502542
1036,5.192658
422,6.609376
37,4.184497
3510,5.769329
3382,5.712243
3593,5.707732
133,7.484602
170,5.112961
3007,5.559117
1348,5.305548
59,5.064431
3682,5.766608
3292,5.684964
212,7.104893
3798,5.729373
149,8.030385
321,5.942012
187,6.028363
593,5.111414
82,7.280655
2752,5.365379
3626,5.717333
287,7.021706
40,6.015662
1287,5.766285
2009,5.126168
241,7.319728
2982,5.513669
172,4.748924
808,6.738329
67,6.868049
3177,5.648345
3514,5.796250
3021,5.693487
254,7.234191
1212,5.446077
1210,5.449865
2614,5.487397
3717,5.750956
3452,5.729819
1465,5.795059
170,5.607765
3258,5.669929
1860,5.341332
2169,5.343359
2791,5.661495
2319,5.346899
78,7.253159
3185,5.702480
57,5.328150
130,6.477680
3577,5.739592
1912,5.252945
3425,5.662432
33,4.886353
296,4.788366
2487,5.720538
3272,5.642881
28,3.943866
3648,5.783650
252,6.848943
519,7.490228
197,6.375941
2706,5.639637
2199,5.194896
117,6.122481
2969,5.574942
495,5.813872
3266,5.777371
36,4.199104
26,4.384158
2077,5.718309
720,6.152030
95,4.627741
2269,5.612537
260,6.609823
65,6.545729
2379,5.540088
1953,5.299033
73,5.001780
100,4.299365
2639,5.328352
122,4.902072
2916,5.553415
922,5.369884
244,6.229053
201,5.783899
1706,5.520453
3105,5.477719
1225,5.467758
135,6.130465
1230,5.455787
1550,5.509705
187,5.960964
130,6.440819
26,4.538386
1393,5.653791
2975,5.467518
404,5.576099
2657,5.850439
659,6.032420
2823,5.490814
253,6.599085
302,7.439528
3277,5.757876
3604,5.759079
2717,5.503372
176,6.275864
2644,5.489456
90,4.294966
96,5.142499
3602,5.717096
3462,5.642358
194,6.764967
3549,5.732239
3474,5.680967
2789,5.451566
3653,5.795464
3323,5.651399
3735,5.741603
570,5.482289
33,4.433923
42,5.147064
824,5.653301
3635,5.747442
2911,5.671647
2994,5.666106
424,5.555984
796,5.789814
2931,5.663621
98,6.166709
2618,5.459088
1885,5.411863
75,7.451288
2642,5.582883
114,6.453787
44,5.634984
3337,5.775785
54,6.872176
2102,5.376894
2966,5.606141
1677,5.326681
3549,5.776492
568,5.459573
271,7.536422
425,7.411393
396,6.742353
2614,5.597484
3691,5.749612
121,7.849599
3316,5.801252
2974,5.467527
41,4.560745
25,3.781016
185,5.228453
2123,5.272526
1585,5.533899
3676,5.798169
534,5.915641
286,5.507217
3499,5.670700
3514,5.744771
2843,5.649743
227,5.943313
296,7.381822
2261,5.607676
97,6.479227
3051,5.684302
49,5.766944
2505,5.450175
1555,5.418122
48,6.537944
250,7.751571
1984,5.561504
272,5.434494
200,5.646761
3143,5.520188
2159,5.365672
2653,5.552794
2876,5.656249
2975,5.688837
2759,5.702472
1156,5.423002
95,6.246697
44,5.895668
2368,5.419169
304,5.117234
2414,5.422708
3381,5.708530
128,5.923720
33,5.679471
3264,5.524339
3246,5.688003
2061,5.290612
3479,5.739723
3517,5.678355
2048,5.308452
87,4.282029
3332,5.726607
3769,5.831035
3084,5.639514
2174,5.438439
3356,5.674887
3318,5.711678
3398,5.712469
1181,5.477544
3674,5.799416
58,6.010939
160,6.951009
3376,5.630110
504,5.006186
961,5.677202
2595,5.598808
3236,5.688447
2985,5.642044
1081,5.131778
591,5.821831
2419,5.747876
1080,6.219647
1924,5.361690
1110,5.456026
277,5.516053
3307,5.666163
784,6.077875
1952,5.772189
3493,5.717881
36,4.347001
204,5.514510
2278,5.672354
468,6.304406
3205,5.650904
120,4.500758
3406,5.665927
114,5.361923
34,4.580870
73,7.002207
1610,5.494589
2168,5.383636
3370,5.635001
586,6.082289
2337,5.191218
3174,5.675742
506,6.108347
3365,5.713615
38,5.113315
3069,5.677876
3191,5.665435
449,6.179613
227,7.022203
2073,5.725343
47,5.169619
616,6.041209
1537,5.882125
3798,5.758105
3757,5.719391
112,5.320924
46,5.946551
3656,5.713994
3845,5.816821
320,7.034327
3627,5.701018
2795,5.640415
2468,5.494507
37,3.922816
2904,5.751353
3210,5.674808
1704,5.261531
1198,5.506048
673,5.301092
2876,5.625837
319,5.080111
54,5.298987
824,5.439155
297,5.658917
3305,5.715237
3061,5.669602
584,5.614104
54,3.723665
207,6.831812
2262,5.689936
1418,5.810370
3151,5.634619
1453,5.337781
145,7.917172
1058,5.393827
2784,5.500662
489,5.548476
3651,5.743641
1628,5.590703
586,5.824492
93,4.963301
1157,5.825908
81,6.351602
3228,5.576749
183,7.233398
1333,5.505662
84,5.747546
2817,5.681207
49,7.617299
63,4.858701
3200,5.698264
101,7.456673
37,4.876022
219,4.516692
3197,5.713192
168,7.529618
285,7.450160
3128,5.650039
786,5.862539
198,8.075639
1206,5.265808
2812,5.632135
3375,5.686947
2597,5.766203
1431,5.392533
141,6.199442
3672,5.809992
3256,5.605095
2911,5.812177
2725,5.548700
689,5.731948
2033,5.311705
425,6.025019
89,6.403178
3667,5.785005
178,4.468981
2533,5.584867
253,5.887056
2275,5.370549
2067,5.354282
2791,5.481111
1152,5.099818
69,7.513938
3149,5.599897
1676,5.473122
2976,5.654645
2947,5.784972
1016,5.411078
75,7.035080
2459,5.692977
3572,5.761644
3369,5.609216
132,5.760394
3361,5.657799
1447,5.414663
2551,5.319627
567,7.233598
847,6.274578
63,6.811749
319,6.003153
273,6.696358
2559,5.494884
193,7.643157
3609,5.772854
594,6.040039
55,4.938875
533,5.864385
470,6.246180
1264,5.658551
116,5.682636
1091,5.586497
3363,5.672106
1114,5.000253
1748,5.364557
117,6.248542
3110,5.600599
363,5.531741
3107,5.689149
2091,5.486487
140,6.555706
1904,5.383312
49,5.092310
3577,5.733640
2734,5.548689
962,6.220442
1617,5.572124
53,4.512593
128,5.437758
1885,5.430592
3521,5.726786
3355,5.724516
989,5.749493
214,7.078660
1297,6.132200
3349,5.685941
70,6.119076
3686,5.742303
3363,5.657591
1185,5.579329
81,5.404775
72,5.567488
232,4.571199
3337,5.751777
450,5.890904
295,6.829367
1390,5.496466
3344,5.723166
3830,5.771029
3678,5.801297
3799,5.736301
889,5.970200
629,5.874936
441,5.729606
2961,5.752766
1173,5.790953
168,6.508477
1954,5.323408
247,4.589535
2393,5.520041
679,5.326763
50,6.331599
2408,5.817025
3246,5.781074
3480,5.675251
3433,5.636786
52,6.139275
818,5.795228
736,5.032960
1065,5.830284
3744,5.807482
3455,5.877400
30,5.074886
1090,5.484994
828,5.429083
2219,5.490294
954,5.960920
3199,5.714866
80,5.163967
3346,5.612711
1411,5.774690
2802,5.666370
52,5.158497
3626,5.717333
469,6.104723
3416,5.697230
2492,5.687914
1979,5.271472
49,5.978544
3378,5.754276
719,6.664575
459,5.155166
609,5.649922
1778,5.405144
1046,5.767333
2059,5.979606
3535,5.705328
837,6.024151
1558,5.326894
260,6.407333
3339,5.650585
42,4.388752
59,6.549195
3302,5.692078
26,4.263848
3108,5.684823
3110,5.658929
1700,5.813507
2925,5.455584
374,6.745570
1926,5.471813
3446,5.667678
383,6.869660
757,6.051988
303,6.329658
1774,5.502009
2031,5.474463
25,4.978060
2453,5.699968
150,5.632673
3289,5.684231
67,8.010374
351,6.808790
3394,5.645810
327,6.962180
1925,5.262893
3459,5.742759
3502,5.674318
126,6.668296
41,6.908268
3419,5.712539
2950,5.503874
3419,5.666380
2310,5.608353
3558,5.721142
31,4.324753
3649,5.776012
176,4.657655
3296,5.752231
1977,5.420889
2907,5.746382
80,5.752346
3624,5.738238
37,4.672871
1587,5.347930
128,5.731554
3403,5.670908
666,5.590209
25,3.215519
3547,5.690988
106,7.485157
3676,5.796786
44,5.759864
660,5.544086
1042,5.235271
1970,5.392928
225,7.133443
103,7.267199
3442,5.707560
3338,5.631339
646,5.189341
876,5.679359
3409,5.643027
3891,5.845639
1654,5.480557
211,7.449585
2062,5.555407
3128,5.609138
75,5.575557
3314,5.715598
456,5.524687
2498,5.642719
231,4.811161
3123,5.657234
269,6.209565
3255,5.673351
300,6.628060
1020,6.439793
2962,5.538026
156,6.151898
1809,5.459999
76,4.198969
26,4.067442
462,6.494443
37,3.471800
3324,5.721790
2370,5.469542
1904,5.456944
400,5.604940
52,6.683305
2387,5.417432
756,6.068388
425,6.299180
739,5.412534
29,5.217021
3486,5.689653
356,5.049103
1569,6.109609
2802,5.735314
3573,5.721923
77,6.277177
3454,5.660571
2164,5.509025
2417,5.500662
2609,5.261430
1721,5.341032
2289,5.554301
79,6.674515
327,6.572096
2020,5.129069
2523,5.726640
539,5.905134
127,5.742986
104,5.689787
1441,5.611407
311,7.309245
802,5.861973
78,5.593066
2876,5.525350
845,5.811984
36,6.105888
213,6.262978
3379,5.688334
1114,5.182853
816,6.284885
222,6.302068
3550,5.666719
3676,5.762642
93,4.878119
3575,5.645419
3724,5.768328
2706,5.608777
3175,5.667891
3742,5.820687
111,7.135273
327,4.857764
356,5.764421
127,7.565440
3187,5.713180
330,5.075323
2936,5.474107
3257,5.564977
3455,5.615739
557,6.514155
2470,5.572106
1101,5.406926
1665,5.518123
371,5.837281
3301,5.668341
1798,5.685310
1305,5.629834
2291,5.737991
163,5.078439
74,7.054828
2351,5.597284
3377,5.797696
3572,5.824906
3382,5.680881
3296,5.608940
63,6.008527
2026,5.461873
910,6.568260
2656,5.542383
68,8.074868
3285,5.584381
3427,5.624078
39,6.186464
158,5.507228
3319,5.658803
302,6.158594
27,4.031401
3416,5.716032
896,6.310659
2370,5.593621
502,5.792382
2224,5.524201
1064,5.990332
2327,5.623753
1981,5.202457
3243,5.645673
370,7.082728
1983,5.580708
331,5.634910
1390,5.950064
2252,5.264440
711,5.620877
101,7.467257
3858,5.789111
3282,5.666218
2004,5.513875
706,6.072738
795,5.048211
2637,5.609138
3685,5.736595
3582,5.874730
2862,5.667081
2554,5.480756
53,8.053292
50,6.818459
1340,5.773162
209,7.583973
2158,5.391337
34,4.862984
107,7.580339
1509,5.198608
73,7.388736
378,7.061099
3626,5.717333
2751,5.655172
3279,5.627831
601,5.845531
403,5.377300
540,5.826446
2359,5.612238
2634,5.588762
754,5.830406
3283,5.719486
480,5.920113
490,4.830947
770,6.019229
468,5.815763
328,7.359814
3146,5.646344
1811,5.284178
3207,5.601397
2253,5.625364
3620,5.841335
2795,5.628603
69,3.905086
1402,5.434483
3655,5.763158
3227,5.752280
290,6.009051
3047,5.694330
378,5.181095
3172,5.700203
40,6.228933
3489,5.709827
3746,5.728868
691,6.357717
2580,5.699490
512,5.346309
25,4.034332
2605,5.558478
181,8.246893
2300,5.571969
73,5.370870
3304,5.643083
2701,5.390182
305,6.540726
1179,5.532180
3458,5.699761
146,6.985143
1634,5.490305
813,6.514376
3361,5.789329
671,6.757362
3778,5.780260
1143,5.124212
3002,5.496082
2559,5.477624
2772,5.354478
3300,5.682275
728,5.818673
3194,5.560512
94,7.338821
72,6.893636
3015,5.775070
475,5.711042
80,5.007799
113,5.185677
185,6.145640
69,8.285394
67,5.692064
955,5.477729
329,4.716786
3261,5.608437
1029,5.544736
2260,5.541908
31,4.958700
3296,5.693956
214,6.198383
2996,5.632241
336,5.078181
3413,5.679715
3138,5.564077
334,5.614938
1233,5.511363
110,5.807853
2489,5.433374
3210,5.633484
412,5.467483
90,7.095077
2546,5.663408
419,6.188336
3260,5.493979
3803,5.818246
1512,5.545008
166,6.894848
141,6.194980
30,3.186034
3119,5.574060
71,5.420867
3309,5.635522
1187,5.821116
2907,5.486206
2576,5.458359
51,6.622243
3585,5.698084
32,5.028894
166,5.302640
165,5.671535
3336,5.716708
408,6.138596
114,5.279394
3615,5.721721
162,5.078930
3255,5.666601
77,5.278448
1969,5.608054
2528,5.816713
3723,5.839689
2535,5.457978
2483,5.622787
142,6.835067
3419,5.574285
43,5.422687
38,5.211786
2768,5.613346
3645,5.713051
1287,5.582565
1245,6.014634
527,5.912517
704,5.938369
3443,5.700780
288,5.710566
106,6.695924
3734,5.757044
3567,5.749589
2456,5.460891
3586,5.725551
2169,5.678576
996,5.609071
2856,5.707903
38,5.367735
2098,5.534722
2821,5.538312
231,5.719545
97,5.383810
2917,5.566599
109,6.467022
223,6.580753
2215,5.283551
90,5.660054
2887,5.637582
1762,5.457280
2757,5.405755
34,5.557096
195,5.663166
1149,5.991093
57,5.764267
90,4.708815
3210,5.689562
448,6.389730
929,6.103707
3212,5.540942
2356,5.297989
2199,5.438218
2414,5.508930
43,5.096332
2922,5.607084
1638,5.338196
3141,5.477282
2274,5.460519
3400,5.757727
3252,5.693869
35,4.138646
2345,5.326547
2737,5.563949
313,6.093208
3102,5.701806
1034,5.625168
139,6.729479
3067,5.431498
1913,5.288517
3095,5.634432
225,6.830925
824,5.820227
64,4.028478
947,5.303934
477,6.449409
244,5.808557
2558,5.363108
3698,5.761314
1485,5.226219
219,7.510068
66,6.793261
41,4.452519
27,2.901799
3580,5.732930
975,5.814234
81,4.727890
31,4.121087
2514,5.675797
3483,5.719393
3618,5.753529
2660,5.478523
2850,5.530796
372,5.875844
148,6.235428
27,5.335646
60,4.607058
455,5.012660
41,7.555967
1245,5.272339
105,5.728696
3360,5.696813
3342,5.721162
239,5.853566
113,6.152224
3367,5.675965
2848,5.412597
105,7.718657
62,4.672769
1098,6.229108
431,5.669160
35,4.472787
3343,5.638629
3002,5.441881
1528,5.447009
3154,5.570168
3262,5.586060
3605,5.665911
60,5.916258
275,5.767516
3820,5.810995
749,5.273821
3602,5.715993
189,7.318287
758,5.405675
2014,5.244673
1644,5.429597
1443,5.277909
279,5.792952
2328,5.392533
44,5.964127
322,7.268248
3132,5.582053
108,6.127036
68,5.618292
2572,5.805891
1843,5.515821
3530,5.736023
391,6.338410
3308,5.708393
28,3.477866
3037,5.782341
1245,5.129217
267,6.106148
3910,5.799119
3727,5.794832
102,6.397924
3619,5.708714
254,7.447004
3140,5.740084
2496,5.582199
1283,5.402639
3197,5.688762
1908,5.548404
1306,5.607788
3618,5.751166
3469,5.730634
1603,5.431700
3241,5.828975
3304,5.645585
3388,5.565044
33,4.308584
1929,5.321534
3446,5.562762
827,6.711014
384,6.360153
30,5.508333
54,6.016801
3372,5.759226
30,3.793003
362,6.519647
62,5.173546
3626,5.720911
37,6.112060
3155,5.644855
3859,5.751044
444,4.779480
1373,5.723909
152,6.203205
82,5.385959
3307,5.732765
3495,5.791219
367,6.984005
137,6.441094
2926,5.623787
3278,5.661304
3231,5.714473
601,5.797498
3471,5.735752
47,6.127882
3145,5.681592
50,4.317058
2621,5.527444
3612,5.795693
49,6.736011
3736,5.784549
2186,5.731416
2124,5.282888
3305,5.552831
3628,5.717112
26,3.797054
2642,5.384337
2854,5.534459
3517,5.773576
863,6.615052
187,5.946488
3082,5.673301
3661,5.752783
390,6.516980
96,7.487862
3483,5.692085
3205,5.523862
3262,5.699522
3424,5.672327
2902,5.565199
934,5.634413
218,4.784010
240,7.395897
3091,5.505892
1483,5.398339
400,6.220025
2438,5.612018
250,7.733915
3770,5.735013
92,6.537034
155,5.606152
163,6.693308
229,7.106154
1521,5.214286
1162,5.681184
3424,5.664937
34,5.366336
3302,5.714429
2771,5.370350
1542,5.414885
2339,5.515312
2798,5.719562
60,5.564345
539,5.421672
3358,5.658168
3588,5.733829
461,5.471919
1059,5.473523
27,4.437271
3825,5.740764
3421,5.712397
3029,5.583314
3513,5.786995
1854,5.480540
69,6.705688
2748,5.596853
32,5.108647
386,6.882199
2842,5.700459
71,5.406675
2976,5.441359
2375,5.460542
3097,5.852787
2643,5.787303
700,5.523834
378,5.846568
2815,5.442109
542,5.731015
1786,5.365580
103,5.908029
2892,5.455020
1879,5.383204
3554,5.791421
261,7.533316
2632,5.582654
2265,5.540630
40,3.969889
2968,5.594440
3557,5.773261
2506,5.243584
2967,5.692799
2665,5.441115
2074,5.263150
504,5.792414
2810,5.443059
3960,5.828957
540,4.994080
28,4.533920
3779,5.767458
1380,5.458680
815,5.731604
714,5.486940
330,5.306435
1708,5.540344
43,6.221346
411,6.616813
3786,5.784157
629,5.794802
487,4.828759
2941,5.479606
3030,5.611980
3231,5.775266
3739,5.785710
3799,5.742992
2003,5.242751
2142,5.415566
203,7.199523
2638,5.566520
74,6.035053
125,6.662631
3584,5.823708
96,5.802689
38,3.720872
1848,5.779929
1289,5.818960
302,5.456304
3011,5.428314
382,5.350485
158,7.120715
3247,5.827730
186,5.787306
322,6.848517
248,6.983829
400,6.100522
77,6.674901
326,5.201147
54,5.669276
2512,5.684108
3675,5.724574
3540,5.773760
90,6.579051
154,6.793174
1222,5.917968
3416,5.715185
3615,5.794376
790,6.370325
2798,5.652941
3368,5.775622
170,5.566231
1237,5.640843
3036,5.518381
44,4.066021
2782,5.650793
1109,5.552179
109,6.656592
3029,5.487490
2321,5.411978
375,6.937082
78,5.081935
228,4.733141
3047,5.660698
582,5.971202
3549,5.776492
1164,6.285764
215,5.781789
236,6.567315
317,6.325116
192,6.960431
854,5.674319
2271,5.216644
2876,5.417523
1611,5.286049
444,5.317128
113,6.799170
3417,5.752578
2889,5.551535
261,7.346419
545,5.811074
2538,5.491335
268,5.744965
232,6.256589
337,6.539398
2881,5.678611
2309,5.494200
3723,5.738613
745,6.300082
3593,5.737538
76,5.488110
109,4.227873
3044,5.604756
126,6.167574
731,5.057531
3270,5.750162
79,4.878883
2421,5.713014
3352,5.755369
3664,5.740458
1661,5.563527
455,5.806353
3782,5.804455
1528,5.823261
3344,5.545046
198,7.134953
3460,5.744649
1207,5.095333
29,5.208922
163,5.326322
3522,5.756734
1700,5.975967
2548,5.288667
1388,5.244627
55,4.465692
3046,5.575076
3575,5.822762
32,3.777921
2240,5.584596
153,7.440843
3586,5.809082
554,6.590495
861,5.911498
2595,5.341259
2482,5.792812
2139,5.296028
2039,5.227841
2759,5.559798
3307,5.611074
25,3.923019
762,5.791515
3118,5.767266
373,6.904297
3746,5.810094
2500,5.531049
3226,5.628180
380,7.158570
51,4.577441
2995,5.500738
2679,5.525523
132,6.793623
741,5.447950
360,6.172293
629,4.990332
42,3.700731
2086,5.496191
3033,5.716367
2464,5.476952
2792,5.537054
107,4.638274
2985,5.681148
696,5.178658
3454,5.803935
2383,5.573470
731,6.865525
3772,5.781119
118,6.475532
3616,5.723932
59,5.451330
1711,5.636191
2508,5.473991
35,5.416832
89,5.191785
3009,5.537642
2312,5.513883
1411,5.604741
1408,5.094315
227,6.289477
116,7.085252
2485,5.397673
3709,5.779387
444,5.905030
1456,5.800141
2755,5.573718
58,5.218570
995,5.382151
32,5.411676
60,4.584250
703,5.744998
680,5.977210
3070,5.648428
46,5.477566
2070,5.307142
2352,5.826357
73,6.776785
2989,5.589757
652,5.236804
316,6.970648
226,7.045774
2577,5.731162
1664,5.355609
53,5.101899
334,7.349824
3849,5.841719
44,5.888011
3315,5.710887
2808,5.641064
782,5.678352
1474,5.440867
57,5.732714
286,7.854465
169,7.670251
3037,5.809571
1787,5.267348
96,5.747643
45,4.491244
271,7.057217
58,4.627270
1240,5.510702
236,6.288096
1579,5.713483
994,5.479900
1129,6.374437
3104,5.629271
3436,5.662065
786,6.365421
94,5.550691
2856,5.453894
158,5.140145
829,5.786486
2826,5.547664
75,6.721443
3788,5.839757
39,6.139707
92,6.337626
274,5.836789
939,4.979723
31,3.823644
605,5.969108
52,5.823154
1065,5.750823
3367,5.623023
3257,5.698204
2930,5.487055
341,4.948050
3371,5.639844
308,6.749535
3415,5.741040
443,5.454115
3191,5.683039
1794,5.378886
3355,5.704030
243,6.365290
2330,5.553110
2663,5.381619
203,6.063562
125,5.310787
345,5.390827
3009,5.510970
1585,5.371936
2369,5.613845
87,5.413565
892,6.522759
3240,5.641612
1183,5.311734
95,6.286615
2620,5.720161
3027,5.645804
474,5.683784
2525,5.535415
3104,5.546601
3403,5.673011
149,7.568602
1824,5.143985
3708,5.763238
3084,5.664159
3396,5.725686
3208,5.575087
3415,5.741040
58,6.330955
183,7.474248
902,5.346321
53,4.618509
2676,5.465142
115,6.601267
660,5.648818
3310,5.705962
378,5.834550
120,6.244770
2958,5.567117
1531,5.610546
154,5.231966
174,5.733063
2679,5.574392
673,5.543917
3377,5.853047
3653,5.719560
59,4.950393
2697,5.693447
3575,5.645419
234,6.303902
90,4.845429
2153,5.385784
71,5.618539
573,6.166545
3359,5.797378
131,4.885522
3017,5.604100
2285,5.664685
487,6.140539
2536,5.402375
3075,5.637667
27,4.183546
205,5.626619
3353,5.655583
3338,5.791840
3371,5.830037
1119,5.390800
3494,5.656191
442,6.013274
2791,5.570337
355,7.095433
651,5.464963
3474,5.712690
553,6.593000
810,5.537366
27,4.193588
2917,5.655979
1340,5.405815
2363,5.447371
25,4.100893
48,4.702281
2888,5.459328
65,6.536038
3279,5.522531
456,6.362762
154,5.845693
3232,5.799887
2541,5.404684
1390,5.606419
683,6.180808
2779,5.333881
267,5.924509
857,6.485258
3532,5.754415
179,7.697818
199,6.244316
308,5.312508
3372,5.687524
102,4.819883
1787,5.336319
1241,5.524578
1326,5.427586
2639,5.512791
2878,5.711801
3057,5.628277
379,6.533634
3342,5.646609
2512,5.643857
541,5.203924
60,6.150302
3323,5.691352
3184,5.764710
944,5.679843
197,5.433426
2780,5.520464
100,6.778111
3101,5.628250
67,6.512128
31,4.172467
429,5.425484
3212,5.634976
69,6.966386
3426,5.745167
3772,5.807560
1786,5.991076
2218,5.575609
3592,5.700686
144,6.816379
185,5.659712
90,8.406455
411,5.827423
112,7.530423
301,6.317778
402,5.478174
3787,5.830765
39,5.118125
28,3.817880
3758,5.771285
51,5.066977
313,5.640934
379,7.137488
113,6.801060
1624,5.273979
49,4.031110
552,5.859020
3347,5.723804
1724,5.149900
486,5.880900
773,5.720137
3493,5.697012
37,4.770340
3419,5.661294
486,5.123168
1659,5.492780
2947,5.650343
3365,5.713615
327,4.763645
191,7.573919
1248,5.775151
3217,5.547789
3288,5.679325
859,5.522257
3688,5.764785
97,6.266342
52,5.616427
3059,5.643252
344,5.391830
3158,5.542511
1104,5.972703
425,7.549104
213,6.244634
902,6.206493
59,3.700913
3450,5.744029
2196,5.558098
533,6.845107
1205,5.091711
241,5.222924
64,5.577177
1932,5.637900
1541,5.628783
3531,5.692352
3624,5.742912
1813,5.275258
924,5.837733
27,3.834561
110,5.657020
3258,5.590902
191,4.679022
154,6.038561
69,7.034002
54,5.089450
26,4.006039
2283,5.514234
188,6.357769
3684,5.793594
1052,5.809253
2359,5.452948
2700,5.602299
2914,5.564774
779,6.070745
2888,5.530957
2557,5.361631
3229,5.645401
2396,5.258668
81,6.500017
430,6.086790
43,6.317617
718,6.478167
2235,5.527986
3590,5.734503
2233,5.471567
414,6.308644
544,6.084966
3246,5.621935
798,5.653766
3203,5.591511
1088,5.680812
161,7.552184
419,5.923776
3530,5.776988
60,5.776955
2204,5.530353
80,6.292603
163,5.019069
234,5.874504
635,6.188988
658,5.385453
3244,5.729825
3821,5.829845
1891,5.214986
413,4.949682
91,5.438210
448,6.085276
2879,5.524528
2914,5.641638
357,5.617467
1802,5.262179
3727,5.775512
2215,5.497077
388,5.063811
114,6.628046
148,7.187222
2411,5.643222
91,7.014903
2256,5.194798
2574,5.380175
45,4.394722
3466,5.749189
1101,5.038411
2645,5.569570
151,5.447893
251,6.408179
1851,5.739661
3157,5.535596
38,5.096521
101,5.803256
827,5.186680
503,5.876271
362,6.341440
38,4.799251
35,3.878229
2900,5.514581
3534,5.748092
102,7.563786
63,5.452034
55,5.722162
214,5.938946
1118,5.822707
3535,5.671834
3278,5.637883
3512,5.770694
3489,5.765379
1245,5.740478
149,6.485205
3469,5.670368
2627,5.628472
3531,5.753538
175,7.129982
2397,5.464826
2535,5.549431
52,5.704054
3538,5.763278
2367,5.608166
2848,5.653079
3393,5.706045
2450,5.550660
3208,5.621028
97,6.220794
74,4.786828
2964,5.583454
3040,5.797525
463,5.126594
730,6.156853
3223,5.759667
598,4.955206
1183,5.892545
124,4.369807
577,5.079601
2395,5.559648
2849,5.630174
2615,5.505134
1592,5.615996
170,5.341773
645,5.729574
3198,5.703255
3420,5.651031
35,4.788232
3257,5.616674
1088,5.122563
3061,5.571025
235,5.823199
3099,5.477308
31,5.103544
3715,5.875331
3553,5.787944
374,6.485798
3487,5.772141
3556,5.772822
2228,5.550745
3096,5.565762
1729,5.339636
3056,5.787626
1182,5.253439
1287,6.066099
105,4.680776
3217,5.673025
663,5.798652
130,4.849774
3556,5.765940
371,6.351410
2039,5.596113
2193,5.297652
3278,5.556058
1601,5.666090
3487,5.733881
51,4.072579
2451,5.448112
3322,5.725584
2458,5.686794
446,6.137361
483,6.663214
3809,5.798483
216,6.593820
72,4.923940
1976,5.298198
320,5.600806
27,4.901964
93,6.356955
3742,5.786241
1187,6.004912
793,6.018177
2243,5.746828
32,3.220185
2273,5.545237
3128,5.650039
1038,5.622611
2988,5.708350
3458,5.773373
3107,5.788016
3113,5.633321
184,5.828814
3631,5.777670
306,5.472554
2845,5.686888
237,5.591787
403,7.141604
89,7.233313
3130,5.688172
2361,5.503156
88,4.248207
217,7.533319
3067,5.646342
3331,5.731666
3540,5.752049
116,6.033227
3314,5.684776
1606,5.395705
1354,5.912706
2810,5.700109
98,6.145242
276,6.024655
2844,5.616096
3396,5.696197
128,5.441563
55,5.240663
336,4.887382
40,5.403745
40,4.354304
3289,5.736147
907,5.172769
65,7.090602
2334,5.443136
3720,5.827271
3520,5.670150
2229,5.705877
269,6.952001
881,5.737072
2157,5.576313
3140,5.582480
3040,5.441356
3366,5.791749
812,5.958790
2447,5.599963
160,5.905413
1903,5.141238
82,4.592605
468,5.261560
1303,5.819513
1337,5.126261
672,5.628781
1297,5.468921
720,5.934188
2569,5.374071
1967,5.506668
48,4.738795
3818,5.855004
1772,5.721333
3775,5.848724
3243,5.570298
3170,5.514979
93,7.063895
542,6.829339
3601,5.768757
147,7.840178
3002,5.705173
3515,5.735251
366,5.317251
891,5.940016
562,6.108424
348,5.790743
150,7.161528
547,5.768995
1487,5.298752
2428,5.230456
728,5.538332
3197,5.713620
682,5.956823
362,7.516272
2965,5.535443
29,4.733318
212,5.996084
3439,5.675748
1822,5.563178
35,6.126811
104,7.862050
401,5.981300
3078,5.491667
57,6.024661
131,6.513266
1896,5.547656
804,5.462747
72,6.180239
132,6.538737
1390,5.677746
2483,5.608121
287,5.438314
3682,5.750449
48,5.970042
998,5.652492
3799,5.805699
2974,5.612955
1748,5.498676
179,5.416740
3456,5.682960
2868,5.463822
3182,5.556006
3250,5.702142
2192,5.579109
3035,5.545081
152,5.516197
3593,5.749506
3738,5.814526
184,5.845729
3663,5.773165
449,5.129782
2560,5.648354
1948,5.613932
89,6.542059
118,6.593380
2678,5.382443
30,3.138142
1549,5.289121
3178,5.705702
1845,5.535183
1509,5.401980
3117,5.638063
457,5.963364
3141,5.510584
1807,5.514366
3092,5.615310
2310,5.615602
3933,5.823848
26,4.227561
2541,5.774167
466,5.726177
3052,5.568723
73,5.405675
44,6.714554
552,5.821552
1701,5.440137
64,5.075625
3635,5.750266
159,6.736957
3789,5.797602
3346,5.695065
2973,5.430309
3515,5.698282
769,6.789572
891,5.598184
2061,5.836007
67,5.737201
34,3.931719
933,5.510628
282,6.413030
3868,5.801456
2128,5.587892
3232,5.573131
452,6.002668
529,6.156899
3238,5.558584
3554,5.725917
190,7.022509
2704,5.627567
3838,5.849731
424,6.133643
51,6.152534
43,6.101316
174,5.627874
3272,5.674991
2006,5.358176
56,6.513883
2454,5.225073
69,6.819676
2403,5.415089
2229,5.363267
501,6.410365
3608,5.666816
613,6.019190
1287,5.592318
2093,5.692465
206,6.832574
60,6.063139
540,5.779864
112,6.681507
2732,5.651574
2962,5.680971
1281,5.779292
114,4.296471
32,4.742132
3664,5.756387
3481,5.730046
107,6.815492
3715,5.805387
580,5.765912
3433,5.657747
980,5.332271
3406,5.713836
380,5.727951
43,4.100101
1886,5.219989
2986,5.596802
33,4.076833
69,5.210242
2679,5.662747
3384,5.787748
2236,5.673942
49,4.955886
897,5.572889
76,6.436742
2016,5.447028
3668,5.735543
91,8.466530
3021,5.625075
151,6.200654
101,6.109332
3242,5.681655
103,5.972114
2725,5.616118
2520,5.514434
1414,5.572299
100,7.223897
2532,5.639090
2748,5.432458
162,5.273319
2929,5.688509
513,5.452713
28,4.840498
3372,5.728062
835,5.069104
3641,5.715161
3134,5.612456
1571,5.428616
3110,5.627194
26,4.231179
91,6.673841
3322,5.709750
3266,5.638793
3754,5.821609
2214,5.831639
1064,5.939323
3367,5.608322
957,5.851148
1569,5.445288
3564,5.711387
3503,5.785481
1009,5.440548
3476,5.689944
56,4.820751
26,2.536796
1918,5.800515
545,5.887622
3636,5.761842
1750,5.726835
3531,5.746204
52,5.242772
1404,5.929870
802,5.192011
3361,5.686555
205,7.196515
2097,5.520449
373,5.729780
252,5.008371
87,6.281194
99,5.690485
202,6.380660
1488,5.612666
2937,5.510858
3140,5.756795
41,6.041898
127,6.505005
727,5.812187
36,5.209679
808,5.786060
163,5.142268
2734,5.624555
1378,5.648712
80,6.991160
3541,5.742365
3638,5.676010
1931,5.470267
26,6.290645
3707,5.868164
3507,5.783194
3717,5.713113
601,6.251253
398,5.782009
2812,5.420287
66,5.759966
434,5.474022
158,6.881146
322,7.541796
3537,5.642747
865,6.382351
219,5.976174
3510,5.730886
3572,5.771434
3365,5.713615
1417,5.285300
3180,5.693628
3025,5.562342
3641,5.785696
76,6.842496
788,5.651907
684,6.035004
3631,5.760645
484,4.851512
3329,5.583104
2283,5.459505
3485,5.668200
2323,5.495573
75,4.980441
28,4.922027
224,6.170606
598,6.641314
630,6.088810
1374,5.546238
3322,5.647308
2902,5.648802
3867,5.818727
2425,5.620968
3337,5.690657
3465,5.832801
90,7.134976
3552,5.719254
211,7.265656
3442,5.712859
25,4.731088
1551,5.348277
230,6.760513
80,8.197339
3705,5.742072
2743,5.478192
3259,5.699701
2610,5.494963
25,4.007788
79,6.785064
186,6.665209
3942,5.850982
3037,5.665161
778,5.332742
1706,5.571053
3338,5.765979
3364,5.789476
2228,5.556929
58,5.779791
43,6.103689
3110,5.516838
1371,5.897741
3828,5.785442
2426,5.388451
735,6.153407
860,5.348664
2701,5.402575
510,7.073260
484,5.876076
2889,5.599461
219,7.304143
48,3.560345
3527,5.737008
159,6.887666
172,4.881662
1276,5.670487
2350,5.720313
3564,5.746545
2869,5.563135
33,4.882854
3239,5.609604
2774,5.838723
1724,5.354352
56,6.739936
34,5.377512
647,6.271434
3547,5.747498
3522,5.768087
268,5.725018
3431,5.790373
1915,5.427408
740,5.614385
1014,5.505702
3714,5.753135
2989,5.683906
2562,5.362512
3730,5.665755
1358,5.373269
3320,5.720937
79,6.752844
3510,5.733699
159,6.232276
45,4.947005
1371,5.111498
286,5.040649
1506,5.709971
2322,5.342917
2864,5.717742
1247,5.490629
30,3.728985
3399,5.764431
3154,5.632172
87,6.163357
3348,5.671799
852,5.779798
339,5.552615
381,6.028321
1616,5.639368
2236,5.650249
3302,5.692078
208,5.737344
454,5.939061
469,5.892534
3899,5.774192
76,7.491701
124,7.057214
103,5.823132
3018,5.669471
92,7.519057
1132,5.747305
3364,5.677922
2859,5.662217
35,4.598285
1360,5.338831
69,6.094957
2747,5.616156
3527,5.758095
192,6.041380
3757,5.773603
70,8.136305
315,6.314019
445,6.050216
3453,5.674782
712,5.693739
163,5.590240
1039,5.841658
2327,5.464392
3706,5.750044
2924,5.681022
32,4.614040
3071,5.586958
2520,5.434800
1132,5.109225
904,5.692485
377,5.669293
3253,5.673010
2822,5.533455
37,4.034212
1982,5.293170
1064,5.619550
1295,5.630045
109,6.173494
3358,5.716914
112,6.510860
3369,5.586833
472,7.342852
695,6.128367
3666,5.723879
3358,5.666652
78,5.996805
650,5.879230
3510,5.739081
1487,5.228644
269,6.997925
2865,5.642950
244,6.084819
119,6.334993
3198,5.698874
3440,5.650854
135,7.326305
1482,5.436117
1075,5.071950
771,6.409726
31,4.149239
1084,5.289474
2388,5.898612
469,6.779819
3145,5.569575
27,4.756445
110,7.476978
3413,5.601721
31,5.572408
103,7.314747
3399,5.678823
2788,5.742506
83,8.529817
2016,5.553655
2818,5.628985
1602,5.370178
32,3.055409
383,6.303226
610,5.928944
263,6.243000
113,7.141663
2665,5.741385
1157,5.253046
33,5.119476
1734,5.915672
38,4.562296
399,6.866243
314,6.245493
1936,5.231559
3331,5.531282
3670,5.721933
36,4.867344
129,6.862976
1788,5.613624
3026,5.795129
80,4.202965
574,5.353539
520,5.124285
1086,6.270418
75,5.219040
1728,5.097220
116,6.620922
1184,5.506928
366,6.365993
3295,5.643350
71,6.242455
2604,5.447941
220,7.534920
2677,5.674856
1009,5.369322
2592,5.442990
420,6.138538
3262,5.697257
1744,5.170581
1853,5.391011
547,6.554128
366,6.721250
3261,5.720187
80,6.453912
105,5.692128
55,6.588243
1025,5.201509
294,6.110978
217,6.332955
3538,5.752742
2683,5.643837
940,5.682121
1742,5.507623
2519,5.639931
3277,5.692227
31,2.930711
85,5.641839
3106,5.704915
146,5.997718
192,7.459603
3475,5.622252
143,5.266777
3391,5.700484
2895,5.670009
73,6.097752
2360,5.556883
125,5.521160
3450,5.733718
2559,5.620918
453,6.145927
1331,5.193108
2381,5.869581
309,4.985890
122,6.313818
279,5.309786
3566,5.802175
198,7.074245
3633,5.719777
761,6.002966
912,6.021837
160,7.947126
145,5.150551
309,5.105374
483,5.662678
2542,5.504963
3348,5.575748
770,5.494321
2813,5.476467
2571,5.822245
246,7.171720
1554,5.708028
3477,5.641514
3526,5.751568
167,6.894681
2353,5.277107
2435,5.239781
264,7.602051
1353,5.538439
66,4.795323
2857,5.414832
3752,5.792712
823,5.964233
130,5.187668
3378,5.748691
517,5.509913
1889,5.605140
72,6.104635
3341,5.743205
2797,5.403213
3358,5.573609
3160,5.536143
674,5.461876
643,4.960501
36,5.208295
3738,5.781387
3271,5.654856
216,4.667403
2124,5.673508
2909,5.808141
609,6.201329
149,7.295892
3444,5.746971
2221,5.474990
901,5.779881
1602,5.151859
3066,5.574422
2788,5.355745
370,5.396594
315,7.487982
3669,5.693077
28,4.355937
271,7.119084
890,5.698323
3379,5.686638
335,6.934069
145,4.645782
2208,5.555358
3129,5.680006
3564,5.746347
585,5.518537
3460,5.800155
3025,5.714575
325,6.231285
1654,5.778211
3246,5.679397
3096,5.703594
3397,5.717150
2778,5.534267
449,5.369410
2228,5.391430
3245,5.709340
1978,5.575834
3532,5.710892
425,6.300366
3181,5.683859
1772,5.371707
2415,5.645507
2550,5.700858
172,6.785999
2672,5.638792
62,4.783923
1993,5.534029
113,5.684776
2875,5.403759
210,5.629031
965,5.700765
2143,5.694787
3458,5.756920
3429,5.697167
3390,5.645420
2616,5.430259
130,5.880176
3924,5.813500
578,6.712606
1039,5.857983
3412,5.756208
915,6.321090
44,4.227700
3056,5.615030
3273,5.666376
3643,5.663959
34,4.214506
237,5.324870
2703,5.659844
25,3.717800
3106,5.712950
641,5.053743
3548,5.745295
3488,5.753808
3125,5.664265
483,4.823580
281,5.993468
210,7.000405
338,5.927883
2293,5.356814
32,4.262928
2094,5.605364
1246,6.029145
3364,5.580688
3287,5.594632
970,5.465161
1003,5.132642
177,6.720249
829,6.052043
140,6.697467
1014,5.513219
203,4.773663
3160,5.600154
45,6.540967
3365,5.713615
3038,5.462258
3036,5.690070
3099,5.704037
1957,5.573405
402,5.832700
83,5.956573
146,7.929841
36,4.161321
2001,5.543407
113,7.138755
585,5.125049
1248,5.652017
702,6.579994
3442,5.739848
2898,5.406660
3653,5.795941
2993,5.438436
2786,5.345283
3538,5.677444
3323,5.860547
1179,5.279621
2601,5.463151
3532,5.703219
200,5.467511
217,7.733777
2074,5.586077
2185,5.435846
2856,5.697636
557,6.352890
75,6.008938
3322,5.729966
427,6.135373
3243,5.585137
2601,5.411346
134,6.835318
3343,5.788902
3304,5.735171
140,5.576907
2017,5.301175
37,4.879462
3357,5.629773
37,3.976893
3268,5.807846
374,5.569575
232,5.830975
177,5.096345
690,6.416967
1478,5.352043
3324,5.653560
2231,5.423532
206,7.431253
137,5.286604
165,6.384523
2379,5.553730
928,5.938785
25,4.774161
3655,5.787889
265,7.674237
907,5.914221
3422,5.711329
140,4.666322
284,5.943800
28,4.175375
3213,5.674788
2938,5.512015
2377,5.550782
168,7.526057
3178,5.683132
493,6.758355
216,6.559885
81,5.864679
812,5.808431
2510,5.562279
552,6.115884
36,4.563163
192,5.375715
429,5.415253
193,7.523549
342,6.234718
2763,5.371308
2930,5.721997
3456,5.784292
129,7.769927
488,5.816011
3519,5.748467
2767,5.898224
789,5.051515
439,6.176071
28,3.454331
123,6.504466
70,5.756056
3484,5.731673
282,4.997769
83,5.916690
396,5.941244
827,6.264628
656,5.118953
591,5.560303
1348,5.361123
2755,5.612047
3150,5.624481
226,7.292752
26,3.838531
261,7.062567
40,7.715687
3286,5.745077
143,7.797507
928,5.402323
3137,5.500108
105,4.206052
284,6.301912
1296,5.351306
2862,5.566264
40,4.194052
201,6.770685
36,6.899672
1601,5.482774
53,5.196291
37,5.174846
43,4.685913
30,5.012992
3726,5.835699
251,6.994774
2013,5.625060
92,6.696820
3100,5.471049
3484,5.789230
127,4.922625
194,4.747924
3188,5.594298
53,5.248302
437,5.939778
884,5.118052
1300,5.766758
3437,5.637070
266,6.581160
246,6.009341
193,8.029551
37,6.087412
131,5.734503
2819,5.546301
527,6.085458
132,7.476350
57,6.396915
194,5.720545
502,6.257030
54,5.140307
952,5.699086
3605,5.730999
353,6.663149
58,5.802547
3246,5.767959
99,6.966172
3070,5.686993
98,7.446524
35,3.587700
170,6.985516
2859,5.698456
221,7.608401
849,5.663657
531,6.178790
1255,6.050423
2876,5.642464
103,6.525013
2691,5.441601
3072,5.597714
212,6.010457
2245,5.373534
269,6.770906
3536,5.707390
82,6.572920
316,7.612603
2907,5.537588
2148,5.644175
30,3.584872
56,6.195095
62,6.715751
94,7.039621
2688,5.615239
177,6.279332
2365,5.639858
1024,5.445772
1436,5.800846
3097,5.667609
88,4.955526
85,6.452720
3076,5.629743
149,6.422949
38,5.408768
3264,5.708332
2339,5.436860
55,4.791841
32,3.934615
1822,5.536281
89,6.062756
334,5.902337
345,4.931008
63,7.879339
1061,5.711972
381,5.764252
3520,5.706129
3118,5.680832
482,5.530556
3630,5.745215
1783,5.241506
89,5.511136
2790,5.552272
3360,5.689648
1379,5.432908
2931,5.718802
2570,5.286271
44,5.520634
2649,5.574259
1877,5.818662
271,7.154537
2089,5.634479
2936,5.408595
2812,5.747437
907,5.889231
320,5.909247
74,4.100815
3616,5.731110
1385,5.503152
3099,5.572018
3095,5.645772
3132,5.584273
2657,5.411385
88,5.160500
2939,5.655073
3024,5.703820
1971,5.442007
3181,5.578491
50,7.493129
1918,5.447255
3035,5.643657
2752,5.435258
3293,5.708664
3414,5.724477
3409,5.700581
444,7.163121
288,4.941713
561,6.212745
69,6.237539
3554,5.725917
3645,5.768294
1743,5.055963
2962,5.517006
3308,5.708393
60,5.753782
3745,5.751862
947,5.649895
106,7.540335
60,6.163799
114,7.904748
106,6.991108
2776,5.607199
2907,5.684982
289,6.022821
34,3.897923
3220,5.617760
2308,5.601232
2589,5.364853
135,6.660606
83,7.065295
1175,6.043104
1873,5.360877
161,7.227960
2621,5.421475
101,7.207097
77,7.594529
2119,5.339678
2526,5.635995
2938,5.477479
28,3.024041
69,5.904029
3113,5.716143
3062,5.619693
377,5.927252
1943,5.509765
216,5.535530
1023,5.476915
3047,5.647729
39,4.589613
3014,5.764824
1044,5.137651
2386,5.350361
30,4.368427
2850,5.395029
54,5.356529
1088,5.222022
32,4.680996
3296,5.693834
2524,5.303785
188,5.750680
1385,5.602972
251,6.018532
31,4.271052
3726,5.736577
2006,5.495453
3465,5.713721
578,6.115079
1299,5.511899
434,5.500747
3361,5.676285
221,5.816151
3465,5.768382
87,7.015782
1448,5.430997
423,5.893607
3617,5.746956
3365,5.713615
28,4.579033
530,5.419783
37,5.493248
46,7.389549
28,3.474506
1987,5.246146
235,5.559036
3645,5.762475
3524,5.659935
718,5.272287
108,7.798750
2827,5.725276
3836,5.823686
2033,5.605493
1744,5.377441
44,5.990845
2550,5.373391
91,8.392144
1312,5.755566
2683,5.615489
145,7.577599
3691,5.781144
1870,5.247816
65,4.558581
3315,5.528656
102,7.429003
3394,5.795778
3341,5.743205
3581,5.822994
2845,5.541275
459,5.042611
167,5.629789
3638,5.726721
2901,5.605143
196,6.309799
224,7.466019
1500,5.665357
363,4.797112
293,5.352787
380,6.568130
989,5.753025
193,6.554138
2932,5.624815
102,5.629102
179,7.417006
1227,5.660157
3052,5.446815
452,4.840037
27,4.254612
1909,5.421320
2398,5.461384
1098,5.174148
50,3.652716
127,7.053178
2597,5.464112
122,6.240901
3061,5.640042
2146,5.372646
1653,5.736363
930,5.497983
80,8.512056
118,7.275808
37,5.944964
3395,5.682255
1587,5.361118
2932,5.575972
110,7.675968
1553,5.296986
2478,5.316776
3642,5.663088
40,5.892527
548,5.115592
3807,5.797008
176,7.569717
27,4.205615
3387,5.739265
2565,5.530694
1057,5.660468
2058,5.593619
133,7.480345
606,5.863717
98,4.680984
625,6.268948
525,6.763785
3069,5.492133
36,5.180745
1255,5.699641
284,7.507542
3254,5.680446
3822,5.862551
3675,5.748516
3786,5.751057
3477,5.613991
51,5.992266
81,5.303041
3210,5.739161
146,6.227182
170,5.573968
908,5.882026
229,5.704735
2872,5.592312
336,4.856360
3097,5.834208
1782,5.710059
3549,5.723378
1471,5.925593
3305,5.658183
3364,5.774825
3080,5.676226
337,4.700465
3117,5.456727
3111,5.652264
32,4.574464
33,5.921230
214,6.789535
363,5.711540
108,4.970573
1509,5.420092
28,3.481366
3061,5.691923
2314,5.496841
3370,5.609263
263,6.082291
3600,5.747696
133,7.646775
3367,5.697475
1931,5.492684
2280,5.521605
2150,5.478275
25,5.333015
3454,5.738157
66,5.723268
852,5.514238
605,4.900386
3439,5.749834
3129,5.682468
2029,5.377897
869,5.396297
95,7.152995
161,6.627528
2523,5.435365
2045,5.503085
3165,5.851869
84,5.987201
2540,5.243195
212,5.540015
3397,5.707567
3453,5.749440
119,7.400604
374,6.535517
46,4.292044
164,5.249832
288,5.290219
1649,5.975309
2920,5.710539
965,5.975026
419,5.702671
144,7.962141
1812,5.765657
368,5.973124
45,5.058079
2033,5.461866
79,5.331426
3028,5.616576
54,5.298173
136,6.789263
755,5.534788
514,5.407341
1876,5.552589
3618,5.787983
2281,5.586541
233,6.016404
3632,5.701277
179,6.247410
3478,5.650345
2737,5.385372
2875,5.452222
3346,5.690450
407,6.118343
3529,5.689355
2872,5.713860
708,6.880949
3172,5.607854
50,5.057004
3033,5.533375
3319,5.658803
310,5.000703
2002,5.470007
2654,5.381409
3246,5.679397
604,5.156860
3049,5.808925
411,6.096221
565,5.184429
229,6.000982
3535,5.720289
261,7.133214
3190,5.755230
2770,5.410052
2478,5.575313
152,7.348403
2213,5.423489
443,6.100970
1170,5.670818
205,7.468431
3739,5.735988
3052,5.552924
3701,5.752090
38,5.435403
27,4.950820
2404,5.494825
208,7.299051
3529,5.749008
3474,5.737054
2872,5.466988
2723,5.637014
3169,5.619995
2324,5.572535
78,4.766610
254,5.907553
3421,5.737470
3840,5.758084
3222,5.608339
3644,5.741655
3734,5.817380
1959,5.419042
2350,5.415944
280,7.140220
40,5.335563
51,4.795653
1104,5.773777
261,5.443334
3447,5.806562
276,7.517396
3122,5.760856
2210,5.565430
104,7.273334
1846,5.388315
2124,5.411191
476,5.503535
3621,5.808494
229,7.357954
727,5.530052
766,5.983473
1628,5.693495
1384,5.621105
1760,5.177223
1810,5.441932
163,6.709557
3348,5.613552
2852,5.622909
40,4.461554
2609,5.515120
1172,5.460227
326,5.203195
459,7.380363
197,6.862986
563,5.858251
3065,5.694134
646,6.699151
2091,5.565800
25,2.670172
3168,5.680161
2976,5.662560
3506,5.789232
2704,5.607900
3664,5.704585
3085,5.703659
1129,5.157146
2622,5.520200
99,5.784992
3194,5.750098
104,6.283085
1225,5.113550
3398,5.643412
3134,5.641982
43,6.076132
3361,5.722989
3357,5.589654
2496,5.277113
504,5.867680
454,5.761430
396,6.112233
3495,5.679593
3109,5.534446
980,5.272935
1397,5.495488
2978,5.717824
2436,5.634538
406,5.512322
614,5.299491
153,5.344523
3649,5.701564
3543,5.748113
3612,5.789793
3477,5.782332
1182,5.666765
291,5.695385
2747,5.636682
232,6.489172
25,5.067372
1745,5.528185
1710,5.611978
106,7.219666
539,6.326098
256,6.899116
3797,5.841167
3428,5.717423
296,5.270506
287,7.358701
3362,5.650821
2542,5.993255
1576,5.335048
3139,5.743020
237,5.257849
3719,5.708003
2562,5.693483
3515,5.735251
2543,5.631544
415,7.489155
1235,5.822094
2970,5.565490
3297,5.645764
2778,5.423779
26,4.694715
1626,5.161487
217,6.963319
71,8.071562
2571,5.405790
426,6.849953
77,5.151318
3365,5.713615
1189,6.024151
3362,5.688241
71,8.160796
2169,5.826071
3433,5.704620
3191,5.734497
3366,5.710695
201,7.601062
50,4.202583
81,4.745992
1113,5.295696
202,5.695759
68,4.312129
2718,5.419225
1205,5.858101
3125,5.786927
104,5.926828
321,5.996918
3017,5.688547
84,5.787346
3105,5.561949
467,5.937897
2056,5.355589
77,6.780983
117,6.233686
674,6.247330
1569,5.451237
2965,5.631278
2892,5.562798
3650,5.756039
27,5.417411
50,6.736586
101,5.679833
1685,5.335848
2204,5.837181
2826,5.643098
208,5.566586
49,6.020335
69,5.586617
3346,5.581153
3270,5.671626
150,6.778337
3343,5.734946
2254,5.275790
3472,5.718130
1756,5.717796
42,5.473017
1029,5.377049
58,4.979590
1526,5.546372
2478,5.578175
33,5.347968
2251,5.414410
37,4.836387
2876,5.500896
42,5.648754
3270,5.707368
140,5.782369
2276,5.715758
1047,5.821109
761,5.129816
140,5.755265
688,4.938803
3482,5.705563
716,6.173366
264,6.108643
341,5.263509
2673,5.615710
3395,5.720599
1763,5.467696
45,6.394431
55,6.010066
1078,5.767873
265,6.202428
3443,5.635380
2861,5.591335
375,6.825971
3274,5.620926
1542,6.006451
1495,5.520622
3125,5.730367
1329,5.558461
600,5.670093
3578,5.747664
83,7.208292
458,6.271268
412,6.592733
1342,5.282473
2694,5.715731
3237,5.678589
3432,5.692540
1910,5.235440
26,4.490710
3582,5.750942
2686,5.670915
47,3.421456
150,5.304482
3139,5.549443
2515,5.415138
46,5.268299
59,5.364194
3812,5.799125
118,5.656307
3072,5.508513
512,5.586324
3336,5.682208
437,5.765134
336,6.288084
788,5.156924
508,6.505570
76,5.060200
28,3.962797
2136,5.365450
3799,5.805699
1438,5.441287
3763,5.767281
218,7.031999
3266,5.525298
4035,5.809680
305,7.096408
3516,5.695344
213,5.567896
86,6.084500
3676,5.681208
1016,5.684668
641,5.044155
3430,5.854020
3674,5.788076
86,6.969463
68,5.218224
87,6.655794
172,5.666314
3641,5.741342
104,7.681160
625,6.028327
2997,5.692385
40,4.480161
3627,5.793412
258,6.520162
99,5.766698
2417,5.564607
46,5.867997
3054,5.696202
487,5.921733
572,4.952695
1099,5.690733
1636,5.812265
47,5.229561
2202,5.249514
1238,5.593346
3270,5.683293
3029,5.645314
1430,6.036877
155,5.122614
1163,5.661499
256,6.463574
1959,6.121658
2778,5.780373
2366,5.520653
26,4.041773
2922,5.639386
3451,5.735946
2024,5.287765
2288,5.342334
274,5.777018
3281,5.708049
105,5.757911
314,6.663890
2612,5.563228
61,8.020685
31,6.129522
72,6.169981
392,6.411861
3497,5.725055
58,6.575755
1591,5.812327
116,7.225285
2952,5.782927
1701,5.417538
61,5.788357
386,6.121171
940,5.925314
37,6.512621
629,5.882931
232,6.921206
518,6.013558
470,7.039064
183,6.277649
183,6.960235
46,5.561231
97,8.656547
653,6.324646
3449,5.719035
396,6.953921
191,6.693604
2081,5.322800
483,5.018211
1550,5.552916
2841,5.848233
3402,5.705757
181,4.574269
2075,5.392546
871,5.456105
341,6.602699
3066,5.666729
87,6.484645
3605,5.714368
37,5.100002
3615,5.777890
82,6.460200
98,6.921738
3068,5.606359
2829,5.663562
419,6.077320
308,6.947936
3308,5.708393
2548,5.716632
456,6.923863
116,6.716473
1051,5.788616
1262,5.915881
2576,5.660380
121,7.170103
2017,5.225824
189,6.739865
3088,5.683064
2299,5.489359
3232,5.695117
283,6.652146
110,5.492980
213,6.643078
3326,5.594115
114,7.775182
387,5.867764
35,4.862692
3366,5.660863
115,6.950706
32,5.192485
3446,5.781824
3193,5.660322
2746,5.658707
1998,5.855361
3414,5.696050
3550,5.746259
1640,5.695513
2602,5.512523
210,8.068673
2945,5.532807
3392,5.722953
141,5.717098
3748,5.714169
398,5.487914
1499,5.495896
3360,5.660476
283,6.999418
1916,5.358083
43,4.456664
3476,5.771820
3552,5.779787
575,5.760904
1084,5.456643
2405,5.882746
3232,5.716215
26,5.018439
638,5.454745
3409,5.744280
3302,5.692078
2699,5.559135
868,5.373130
2890,5.552227
2928,5.497584
2051,5.439064
52,5.833912
3556,5.699295
857,5.593951
3372,5.638498
133,5.275379
2261,5.625253
159,6.708119
3562,5.794108
726,5.435546
96,6.925862
946,5.947034
3038,5.706469
149,7.786107
1081,5.513765
129,7.511964
2766,5.402190
79,8.222400
606,6.083798
320,6.054124
3351,5.775236
3396,5.648632
159,7.075724
3008,5.720620
475,6.944693
2821,5.650752
843,5.606312
613,5.610143
297,4.796212
1718,5.508103
2921,5.583034
3503,5.725511
2467,5.734517
2531,5.382956
3813,5.824285
803,5.793448
360,6.917901
2623,5.355552
2223,5.518545
320,6.353645
95,6.018049
188,6.592839
2787,5.617778
1576,5.684974
84,5.977926
2761,5.653711
2479,5.649288
3255,5.744271
292,5.997889
25,3.474316
467,6.698463
3896,5.825930
3754,5.756822
3447,5.690645
3325,5.744750
43,7.164220
3240,5.724155
34,5.319470
2054,5.387485
434,6.296814
3242,5.758896
552,4.987566
78,5.184429
3080,5.504156
2507,5.381661
1736,5.303221
2052,5.518465
2556,5.490010
2535,5.682309
817,5.362781
3471,5.620113
171,4.720786
3163,5.558335
640,5.582604
2865,5.474141
3732,5.731394
1881,5.139567
3243,5.599790
3502,5.755490
3424,5.566617
45,6.933374
433,6.805797
2805,5.538150
3587,5.753422
2184,5.568864
3465,5.718431
255,5.118939
69,6.210169
2985,5.529653
2700,5.540366
212,7.322157
3871,5.792464
389,6.158066
207,6.517264
3330,5.631943
1508,5.176122
486,6.393840
26,4.317247
1371,5.111498
2235,5.708733
3342,5.738942
232,5.727950
3470,5.706380
2274,5.211927
59,5.158152
806,5.958010
3712,5.725802
1107,5.822976
3221,5.796030
2519,5.515921
2900,5.457366
3577,5.783821
595,5.540572
651,6.580718
1090,5.930155
3236,5.519627
1838,5.497307
138,5.405182
57,4.413412
73,5.347227
257,5.740025
3600,5.714028
3665,5.823383
232,7.153624
3179,5.619419
401,6.119002
2452,5.435048
2849,5.595744
1687,5.402245
3480,5.728430
232,4.539883
104,6.299611
212,6.552503
3158,5.653374
2670,5.300490
2140,5.421772
3527,5.704120
161,5.984625
202,6.875497
102,5.043435
297,5.801110
3616,5.754540
2951,5.774792
60,7.681360
2986,5.705602
619,4.851479
591,5.762730
1076,6.135467
1987,5.346160
3650,5.756039
3766,5.734780
2990,5.677250
2691,5.610642
3252,5.629937
1449,5.729570
433,5.623886
3811,5.775251
1915,5.484989
2632,5.882911
202,7.660217
3586,5.751869
304,4.839718
383,5.959597
28,2.582024
375,7.480381
715,5.713402
3399,5.862749
2571,5.397896
142,5.003098
59,6.179191
3128,5.650039
671,5.779156
2141,5.748405
816,5.617592
2615,5.579403
616,5.066422
74,7.255494
224,5.151704
417,7.012258
1613,5.783601
2777,5.721890
1220,5.865518
1950,5.488985
3606,5.776815
49,6.855874
3082,5.669060
2040,5.197182
223,6.841675
297,5.710538
203,6.519880
1700,5.702109
3458,5.713147
3625,5.766790
530,6.054177
3131,5.531581
1644,5.781072
453,6.818624
3360,5.758288
704,4.945243
74,5.498595
3306,5.616604
3386,5.710373
2475,5.332673
3382,5.712243
43,7.526911
56,5.505611
324,5.557842
233,7.357167
2802,5.701103
39,4.728040
2186,5.281154
1560,5.717927
3267,5.767835
173,6.012000
279,7.826729
2634,5.468645
172,7.007149
334,6.010908
3756,5.751327
48,4.678833
1983,5.603952
2017,5.456860
1547,5.823408
134,6.393998
511,5.846777
3366,5.671521
2950,5.448367
180,6.340572
3132,5.486269
85,4.460628
3265,5.534841
267,6.397981
3503,5.739895
2451,5.425094
2566,5.378142
1022,6.008790
45,7.202736
27,3.324024
2709,5.526527
58,5.618109
2920,5.420329
32,3.784400
418,7.245325
31,5.324708
2885,5.595032
44,6.171952
187,7.852554
54,7.180001
3298,5.679044
253,5.517749
187,7.297585
154,6.154639
2348,5.568054
414,6.921913
1597,5.638293
2092,5.119957
603,6.811991
2141,5.564212
1073,5.140353
3717,5.776118
43,4.298305
3040,5.649073
114,7.017492
116,6.698596
3250,5.685866
28,5.046327
3483,5.736940
3618,5.797997
2207,5.680082
1780,5.720629
320,5.612680
2111,5.329525
240,4.549791
3269,5.709865
48,4.319082
967,5.348832
36,4.456833
2529,5.503141
2170,5.501129
3551,5.775382
3301,5.834233
61,5.408416
1766,5.523153
131,5.281879
3322,5.725584
3820,5.867899
170,5.196752
30,4.830739
366,5.890431
886,5.886475
2596,5.592655
804,5.528270
1777,5.382111
182,5.867398
2885,5.690569
588,5.142862
1393,5.847349
1688,5.604660
3438,5.730504
3678,5.795099
3402,5.691473
3722,5.681297
110,5.975541
1422,5.352856
1497,5.775655
397,6.146359
161,7.723864
2975,5.580433
31,6.390169
2264,5.274510
288,5.797608
222,6.723505
198,6.372088
107,6.053086
34,4.180516
40,5.095877
147,6.716189
208,7.765502
3320,5.720937
2817,5.640791
1673,5.372815
2936,5.604261
29,5.035908
3308,5.708393
2011,5.600108
2424,5.620810
3275,5.643582
270,5.715997
721,6.234836
28,4.478500
2708,5.737779
3059,5.696375
392,6.063347
150,7.818062
3376,5.695211
478,6.638801
247,5.982234
1068,5.174140
532,4.904920
3691,5.808146
1731,5.250237
1816,5.405205
227,6.620194
2264,5.442106
1507,5.623567
498,6.585749
249,6.674607
541,5.921826
483,5.414416
3294,5.620154
202,6.113766
178,5.471873
2100,5.398361
536,5.847043
796,6.114400
2785,5.835449
420,6.077653
1765,5.550516
528,6.790357
39,5.507952
290,6.569794
58,6.560833
3181,5.636102
937,5.616194
3415,5.734971
633,6.627373
2604,5.569679
3026,5.648447
678,6.481226
60,5.756048
3357,5.626739
163,5.864863
140,6.081524
298,5.736851
1886,5.292216
188,5.030165
109,7.427497
3337,5.702195
3318,5.839347
50,6.429203
2129,5.731932
2840,5.625739
1517,5.437793
3519,5.726632
1803,5.385151
3112,5.670495
65,5.232179
2232,5.480845
3301,5.707042
1138,5.924312
3090,5.673740
2953,5.707445
91,5.509180
167,7.483274
3267,5.634492
286,5.772480
133,6.720580
2760,5.460580
130,6.044023
3714,5.776790
3474,5.658811
49,5.998406
1957,5.689630
40,5.370573
148,5.032266
128,6.122556
2951,5.569267
3176,5.649760
2630,5.411607
1229,5.675477
2130,5.434735
3805,5.799160
3756,5.751327
3536,5.671872
1127,5.456483
2654,5.595026
1814,5.565153
871,5.787832
2037,5.464696
3624,5.738607
2830,5.545564
3797,5.786645
178,5.948515
470,4.993218
289,6.954752
1994,5.932123
419,5.441566
69,6.236621
1348,5.302717
3018,5.694213
1120,5.181884
3460,5.686584
1916,5.354589
3331,5.624776
3220,5.715874
95,7.244076
991,5.716028
3617,5.699239
2998,5.594722
34,5.135868
2208,5.300132
969,5.195780
1605,5.186853
89,6.562481
278,5.542698
3133,5.779655
171,6.923733
526,6.490795
86,5.489262
3373,5.758599
327,5.811028
3264,5.830157
2874,5.617670
2231,5.565735
217,6.224610
1864,5.399355
154,6.258305
613,5.589500
187,6.852135
125,7.515848
1989,5.357747
248,5.849312
644,5.996506
1174,5.888158
195,6.083335
3361,5.697319
244,5.487064
29,5.049659
564,5.766143
2772,5.749414
909,5.260380
484,4.895319
92,6.337386
87,8.384257
406,6.881518
2350,5.329321
1142,5.737609
48,7.643798
2480,5.479740
3442,5.807667
1698,5.287165
3566,5.800092
3323,5.615781
813,5.202395
2297,5.595374
2051,5.369006
3502,5.790777
3472,5.694798
2267,5.360343
222,7.894097
302,6.279066
3280,5.754544
177,6.625444
1798,5.457903
55,6.238491
50,3.623942
997,5.554079
2858,5.510719
3187,5.759832
1498,5.982785
3156,5.700255
133,6.257047
456,6.140718
317,5.722612
96,7.726584
58,4.861948
788,5.827196
2869,5.499482
3030,5.527954
1921,5.403950
311,5.875200
2571,5.737353
346,6.048127
51,6.065051
2562,5.606195
741,5.563475
3199,5.606683
38,4.700274
3302,5.692037
3025,5.536030
74,5.475259
2288,5.692263
2698,5.710673
67,6.575850
3370,5.609263
1570,5.232746
350,6.532534
3700,5.686957
2357,5.769919
2057,5.335074
2066,5.600495
69,8.172695
2081,5.482506
2460,5.642524
2166,5.448600
149,6.585332
2839,5.560421
2082,5.263088
195,7.017880
73,6.531189
2618,5.737183
25,4.342354
3953,5.838237
3270,5.683293
571,5.410730
139,4.604157
1784,5.430917
3367,5.586296
485,5.656900
1213,5.898541
793,6.122074
3106,5.458649
66,6.878897
3308,5.747121
115,6.130927
1372,5.226432
3057,5.675111
3717,5.756866
2506,5.525151
2970,5.482880
113,5.968241
48,3.815659
2939,5.524992
3359,5.737228
45,4.208571
1893,5.422449
421,5.010387
3473,5.680053
48,4.605948
2636,5.395929
518,5.872861
2745,5.635438
3069,5.681974
95,5.474696
94,5.418575
3575,5.644799
3395,5.675621
3083,5.585426
2579,5.557212
170,5.941236
3265,5.730697
257,6.868741
1171,6.087125
1575,5.883976
223,4.942237
3400,5.679555
378,6.056162
1465,5.804848
110,5.266034
887,5.388160
3822,5.806058
421,7.111093
3401,5.602675
40,5.802351
3109,5.779934
134,6.326539
1993,5.377813
1476,6.124310
37,6.075966
39,5.330740
3683,5.742883
3323,5.691352
2364,5.541531
3351,5.721717
3162,5.677260
91,6.319609
38,5.068975
3233,5.649827
3390,5.724735
319,5.790699
2374,5.733481
2616,5.348371
3540,5.767644
2787,5.736133
243,7.974243
2063,5.559067
29,4.033484
965,5.735112
1379,5.235995
2076,5.715594
3236,5.609190
40,5.658934
1249,5.162789
3596,5.823284
669,5.472381
419,6.492786
3502,5.736329
3547,5.765897
35,5.047101
347,6.296812
2955,5.634845
2647,5.679585
2991,5.805916
2292,5.478333
2289,5.602103
895,5.523400
2170,5.478841
538,5.773057
825,5.512501
2368,5.432534
29,3.955204
1736,5.279329
2971,5.765165
153,6.289976
201,7.888151
3228,5.668028
67,5.627674
636,5.331690
61,4.432272
1401,5.580029
344,6.361297
3099,5.620631
1440,5.802906
3157,5.754697
2947,5.611961
1791,5.550650
640,4.868157
509,5.065045
170,7.172156
2879,5.379330
623,6.242119
451,6.243443
2250,5.533981
802,5.821333
2846,5.768387
3839,5.766111
153,6.475571
3029,5.730466
59,6.540422
123,6.623025
2452,5.553918
2679,5.622258
2606,5.499596
3108,5.636419
3520,5.770994
3631,5.723300
72,7.354119
237,7.797425
1777,5.781228
764,5.950527
3308,5.708393
451,5.956456
2913,5.646057
3520,5.769365
3429,5.626796
138,5.162589
1052,5.576095
2592,5.604260
445,5.284148
2722,5.479738
3202,5.686640
180,4.707441
281,7.206459
1332,5.507945
3706,5.759869
1996,5.149785
2926,5.508578
186,6.276878
3201,5.635242
1115,5.740558
3069,5.492133
157,5.599083
557,6.130471
3443,5.721570
3410,5.624384
1263,5.589471
2473,5.780615
3431,5.750095
2195,5.593226
44,5.000947
162,7.575481
3609,5.778196
689,6.321622
254,5.873480
1730,5.612480
3685,5.819437
339,5.968834
2637,5.589699
34,4.044732
2761,5.551088
829,5.728288
54,4.284759
3042,5.712579
3571,5.732183
45,6.897149
3351,5.746692
1516,5.409365
3437,5.681907
3162,5.493832
107,6.671090
539,5.584312
3427,5.709537
3297,5.560758
43,5.234571
2368,5.753853
3510,5.769329
637,5.939372
1706,5.622413
2924,5.385696
2786,5.703209
121,6.447569
64,8.257515
3113,5.533124
300,5.533751
82,4.208051
3441,5.558998
1372,5.459066
308,5.708984
223,5.637929
891,4.943018
605,6.497084
2284,5.530353
1436,5.544429
2610,5.694451
3388,5.695482
69,3.995570
576,5.900551
3454,5.687345
193,7.276169
26,4.353717
3544,5.616655
2004,5.545417
2790,5.679942
342,6.277954
3295,5.753629
53,5.646410
1752,5.512677
380,5.864961
386,6.438200
606,5.934584
2381,5.648402
3281,5.567920
2956,5.582527
806,5.666453
3150,5.541186
562,6.070165
3555,5.858116
3657,5.755422
2698,5.526437
3246,5.763081
1254,5.197280
3218,5.745210
60,4.391502
582,6.574741
2708,5.401119
127,7.048679
107,4.980828
3397,5.631035
224,7.579179
259,6.595196
256,6.187874
3457,5.736176
3079,5.583343
136,4.971483
3379,5.616594
3070,5.694339
3441,5.662817
3630,5.711110
278,5.945075
1123,5.094668
3470,5.669259
1930,5.202589
2163,5.538644
3144,5.554943
2015,5.467940
107,6.780725
3343,5.561387
3290,5.547071
34,5.978615
350,6.942264
3365,5.713615
71,5.734992
538,5.813921
54,5.644662
3301,5.668199
394,6.835544
187,6.851522
58,6.702544
2159,5.441906
1401,5.423738
2777,5.618393
2337,5.596090
391,5.682057
2368,5.452770
304,5.357820
3750,5.831429
876,5.754873
2629,5.631629
136,5.325681
3197,5.653547
258,7.289750
2337,5.449608
405,5.883311
273,5.196359
3497,5.780737
3077,5.721869
3498,5.673149
2857,5.636136
935,5.562338
3097,5.530110
3242,5.580522
718,5.850982
3809,5.800762
1741,5.650236
3790,5.830775
38,5.536258
1867,5.503009
651,7.134433
78,5.871130
3076,5.649027
169,5.119404
2544,5.417808
256,6.501010
3721,5.788118
204,5.651113
3521,5.851637
380,5.943327
128,6.308402
3788,5.786146
3226,5.766623
2765,5.520120
95,5.868738
48,4.950372
53,4.871181
33,3.399295
965,5.828973
3128,5.650039
410,5.201879
2521,5.388943
97,6.734799
3382,5.639347
539,6.122415
26,3.924128
3207,5.652465
322,5.297760
2968,5.681358
133,5.635486
1819,5.564317
1763,5.183088
3712,5.775975
95,5.882149
486,7.075478
3548,5.709472
3260,5.717364
3499,5.639194
219,6.560796
217,5.350468
2758,5.732059
543,4.937321
1156,5.769977
2082,5.196022
85,7.676822
408,7.368566
516,5.167228
2661,5.581313
3001,5.603914
55,6.570475
2217,5.636996
2505,5.298497
1767,5.964916
1798,5.814997
118,4.996350
1925,5.412121
3828,5.808359
376,4.884081
1343,5.832421
3078,5.543873
2041,5.545108
134,7.440584
2279,5.250954
3505,5.698278
2561,5.489543
3477,5.713799
75,6.410679
130,6.383975
3158,5.612845
191,5.664990
3385,5.672731
70,5.304117
3395,5.572372
298,5.688212
177,5.554254
3468,5.711809
3114,5.601979
73,6.194440
36,5.488591
3173,5.715271
259,5.689841
1589,5.515233
491,6.250446
1613,5.513223
3787,5.756427
55,6.027257
3094,5.704073
2909,5.617712
519,6.258168
45,6.033659
1643,5.825014
533,6.881995
3833,5.822233
3508,5.723037
717,5.419959
37,4.528649
2135,5.612826
593,5.649334
899,5.815951
3931,5.807870
2486,5.605141
682,5.665293
60,4.248966
3549,5.710661
1300,5.437433
62,7.112623
59,5.672973
3447,5.720571
101,5.146842
182,4.939161
2901,5.591873
3331,5.705566
3843,5.790414
3381,5.696291
2554,5.472928
39,5.141018
376,5.423713
44,4.123101
3376,5.553555
47,5.434732
2923,5.531511
3599,5.701847
81,7.343339
54,3.823455
88,5.117063
1842,5.755734
2287,5.902139
1088,5.622721
2244,5.325453
352,5.483773
2896,5.679680
3259,5.622309
32,5.590632
3699,5.720851
309,6.357936
1035,6.171794
319,5.893104
3497,5.746676
383,5.151448
3516,5.661667
730,5.603005
71,5.852432
455,6.796585
3507,5.705456
409,6.540543
3286,5.823385
25,4.330481
212,5.806790
155,5.307769
528,6.362323
2888,5.539269
3480,5.743187
1913,5.612674
215,6.143590
3436,5.697561
760,5.577783
3595,5.696505
2977,5.563083
664,6.132462
439,5.825012
26,2.926962
3693,5.739590
40,5.238119
280,6.955030
2889,5.706995
214,6.124410
136,7.567920
60,5.968175
115,5.220955
631,5.790451
3090,5.673740
1290,5.466124
1158,5.863358
3446,5.598772
992,5.790305
605,6.156134
478,5.168667
3620,5.696701
200,4.966925
2998,5.807863
3404,5.761954
462,7.113710
232,8.092692
3387,5.741917
222,6.765722
3020,5.809669
1607,5.514208
2403,5.701970
502,6.847414
68,5.250579
3174,5.742313
1403,5.142174
1076,5.921615
454,6.302555
2690,5.607054
3431,5.604527
394,5.595929
3147,5.692380
2967,5.582253
35,5.263178
1640,5.361715
1819,5.508815
3621,5.797976
3353,5.627026
2653,5.477850
1012,6.085472
110,6.952546
105,5.689449
3625,5.716336
3014,5.639476
170,6.026706
1440,5.774521
450,5.594701
2774,5.559644
1856,5.243469
3024,5.844196
27,5.672455
3255,5.795289
29,3.948051
3378,5.751715
3433,5.726671
1768,5.552734
56,5.983569
3640,5.704668
212,7.797355
285,5.725876
3491,5.691623
1857,5.675786
1285,5.596951
51,5.044127
333,5.662789
2521,5.296694
3279,5.742141
80,6.400705
91,5.569723
3175,5.701542
2397,5.505360
2390,5.521036
3113,5.675213
1301,5.401656
315,5.664194
2916,5.548246
3391,5.627027
2370,5.332429
271,5.028265
225,5.438453
1400,5.190277
30,6.148025
1245,5.436661
3672,5.800408
66,6.604974
1850,5.882562
647,5.470465
325,5.369595
187,7.766868
2306,5.617500
2506,5.545088
2918,5.717987
76,6.093737
3457,5.706234
3607,5.729326
1347,5.451773
3322,5.725584
3778,5.759667
655,6.608162
69,5.208219
666,5.815357
1521,5.360775
3310,5.616642
3080,5.544162
2509,5.501257
65,6.776930
187,5.714782
3393,5.713500
2242,5.724470
554,6.333805
1507,5.531734
1070,5.996515
1628,5.248222
3371,5.678487
168,4.925712
1668,5.113259
3489,5.804244
99,6.070599
735,5.717751
1627,5.494909
3403,5.651525
2030,5.447201
111,6.417916
197,5.492042
3590,5.714561
535,5.738948
1359,5.447247
3446,5.659990
391,7.061536
3334,5.685729
1094,5.653413
213,6.738071
41,6.044987
1434,5.425808
30,4.878468
3388,5.685613
3648,5.719781
991,5.576807
3140,5.830005
47,4.736403
299,6.163853
3514,5.660603
3018,5.698402
315,5.171172
3116,5.703835
740,6.109302
2506,5.639860
259,6.726510
98,6.334963
155,5.532078
3208,5.758416
2800,5.567626
364,4.832325
2354,5.529231
3412,5.685701
110,8.767854
48,5.618327
1985,5.377202
2862,5.419154
3312,5.755870
284,5.674864
517,5.705363
3380,5.528816
85,7.121456
2259,5.247639
136,6.080489
109,4.854250
2892,5.564744
1875,5.506704
2893,5.534465
3462,5.755280
184,4.938731
437,7.269246
886,5.882359
966,5.419828
1840,5.506958
75,6.775887
661,5.546282
3702,5.720770
3511,5.771265
1681,5.408878
3470,5.733631
244,7.666581
3308,5.659265
157,6.977180
126,6.544826
3305,5.687103
31,4.856617
911,5.709460
3560,5.752946
508,6.675378
2276,5.703067
3583,5.886276
282,6.949527
285,7.411165
2519,5.603464
227,6.101226
656,5.808287
1910,5.709348
63,6.853854
103,7.685834
200,5.230615
3293,5.573664
3857,5.814991
538,5.938781
3781,5.794387
33,3.747336
3554,5.644920
2411,5.388508
365,6.604926
270,5.531192
3368,5.737970
1779,5.481498
1174,5.714505
2593,5.329310
3253,5.502632
46,4.661177
78,7.167441
1246,5.078924
1317,5.617380
2756,5.493278
200,5.687161
3345,5.754710
535,5.855534
35,5.273911
3386,5.675586
375,7.161540
711,6.076607
74,7.027688
261,6.433074
69,8.020409
3527,5.614551
199,5.599886
275,5.276170
2129,5.600399
249,5.749238
2642,5.719182
1573,5.220326
2806,5.723506
983,6.230291
36,4.686826
121,5.209167
3298,5.602636
1452,6.066202
1414,5.424585
324,7.018300
104,5.256031
3474,5.719927
3580,5.755589
428,4.848562
2698,5.682745
398,5.986628
3798,5.854780
1358,5.571135
53,7.893287
2569,5.405766
3626,5.726048
82,6.129108
1121,5.637230
535,5.756724
3321,5.736518
3231,5.597111
3722,5.805465
352,7.071313
3278,5.595616
3073,5.613102
3399,5.585355
2402,5.858459
110,5.011232
125,7.335578
203,6.145557
772,5.490043
33,5.278029
685,5.235456
3374,5.710943
2701,5.499948
123,5.531494
2934,5.469584
3003,5.588996
3635,5.786037
124,7.148580
41,5.876007
64,6.582017
2204,5.710869
3802,5.785757
1363,5.732169
191,7.361607
1859,5.844854
3352,5.637921
3538,5.595615
294,5.895250
142,5.612772
45,7.109876
2218,5.533096
3529,5.737391
1533,5.313188
1559,5.209151
235,5.215241
1499,5.680463
1198,6.022598
2785,5.601928
2589,5.438689
51,4.848849
3139,5.652002
2754,5.509035
2669,5.648417
887,5.452686
1658,5.546774
146,5.592735
3233,5.771130
534,7.077973
2851,5.734524
509,6.334027
2385,5.409925
1228,5.712382
81,5.078329
3356,5.754490
271,7.274154
142,6.538603
208,6.627727
318,6.746649
3005,5.779808
222,6.177299
1010,5.422719
48,3.794132
94,5.877901
2061,5.137940
3720,5.758759
3308,5.708393
2656,5.666221
64,5.143797
108,7.046274
174,5.948309
3582,5.691027
3400,5.673952
706,5.895319
1061,6.069563
2053,5.627467
30,4.309954
2745,5.658380
229,5.341829
2583,5.526608
39,5.116967
3097,5.563289
74,6.150073
2167,5.473999
1530,5.405247
580,6.113653
3676,5.766594
392,6.557824
52,4.253835
2173,5.801550
974,5.949193
3284,5.703655
873,6.317818
172,7.218486
51,4.757415
244,5.771346
2512,5.330237
2429,5.419616
2890,5.451194
2475,5.379295
209,6.437378
3534,5.691802
327,6.153067
3362,5.721818
2974,5.700775
2130,5.465621
3674,5.792694
40,4.278744
62,5.953593
739,5.939354
341,6.648892
689,5.839638
267,6.341310
80,6.331677
3377,5.721616
2064,5.363042
47,6.325740
248,6.855896
3101,5.717988
1151,6.129625
164,7.673749
1999,5.188529
1964,5.708276
361,6.111010
114,6.524749
1841,5.508269
636,5.511130
63,5.148612
1036,5.919974
2163,5.617407
3221,5.650194
3468,5.701476
688,5.407254
83,6.389627
237,6.455249
3340,5.716554
272,5.868865
55,5.229295
349,6.100050
3700,5.824407
3637,5.839070
340,5.965982
111,5.228192
2926,5.690586
29,3.453348
3325,5.730411
54,6.201426
3135,5.591380
2465,5.565892
546,5.843021
203,7.548385
69,5.329284
2763,5.625516
85,6.741329
1513,5.593339
183,5.636048
3462,5.725412
3497,5.676479
363,6.332289
189,5.304182
301,5.569313
3104,5.507837
773,5.171631
3595,5.750215
1485,5.814813
985,5.457283
80,7.243918
64,4.576673
141,6.211568
1155,5.762313
2474,5.783961
97,6.906741
2759,5.449217
3007,5.650892
3084,5.639514
773,5.795645
439,6.123401
137,6.223309
2088,5.681069
1098,5.428311
857,6.286615
3300,5.676909
2006,5.332896
30,4.535842
3070,5.628923
149,7.003756
3100,5.692106
3304,5.559084
3095,5.699723
469,6.356077
3263,5.592739
168,7.253471
472,5.926129
177,4.443504
3426,5.569386
278,5.733878
3448,5.654917
1407,5.865742
2779,5.343886
2980,5.499434
3361,5.737857
3094,5.582031
2654,5.687904
154,7.449353
2774,5.478033
3618,5.689738
26,3.425008
1388,5.641325
291,4.541433
42,5.349317
113,7.106831
2617,5.389873
2823,5.502587
503,6.780127
2966,5.662339
3604,5.790483
266,5.754880
54,6.363225
250,6.413824
164,5.947997
747,5.160117
142,4.454997
1334,5.467918
144,6.808479
1706,5.526661
140,6.950874
317,7.022301
1704,5.171289
789,5.661577
1343,5.799132
3722,5.745491
125,5.508988
1121,5.866247
3268,5.640991
3091,5.549647
139,4.965244
1553,5.466772
64,5.604634
2548,5.310249
3382,5.712243
2471,5.455288
3507,5.753056
72,5.402960
3363,5.713700
3660,5.759807
2880,5.595778
69,4.848083
2705,5.530419
3415,5.806383
248,5.811058
30,3.945973
868,5.803345
236,6.552801
2883,5.805363
402,6.499338
299,5.648689
1867,5.221600
1847,5.318783
335,4.906284
1689,5.532471
55,4.159432
224,5.813808
480,6.052274
1811,5.369611
25,4.711783
63,5.867425
2403,5.512887
1919,5.564302
171,7.461210
1764,5.634047
3177,5.750981
304,6.297662
322,7.404824
3590,5.783995
2096,5.680957
204,7.314808
67,7.384429
38,5.581903
77,5.392851
3114,5.575991
67,7.080132
65,8.197587
3181,5.601982
2337,5.602597
210,6.493860
335,5.314705
2446,5.723168
79,4.227145
2112,5.523298
372,4.825786
3315,5.647520
1288,5.501298
2368,5.579532
831,5.676717
2421,5.699496
3417,5.745230
275,4.985881
938,6.041584
135,4.861652
2997,5.647913
64,4.793557
34,5.089291
91,7.471208
112,4.925755
28,4.393174
3007,5.380453
3201,5.753401
1440,5.711138
3328,5.551361
2671,5.684000
190,6.897384
132,4.732081
38,4.092464
579,5.349032
2272,5.597323
3615,5.705477
303,6.434910
3332,5.775272
3454,5.720246
66,6.059950
1196,5.440765
463,6.116335
2327,5.572304
3485,5.758051
2991,5.527568
1441,5.341526
667,6.002175
1813,5.322554
1160,6.065306
3630,5.841095
1305,5.789768
531,6.366429
3492,5.754555
1811,5.747655
3250,5.610800
3227,5.683921
1002,6.144822
652,5.664060
50,7.506542
282,6.852872
2982,5.628937
3391,5.744947
190,7.021978
1224,5.529105
3323,5.691352
139,6.780728
2922,5.599324
3218,5.541012
3565,5.755447
2996,5.686119
2232,5.494994
52,4.894402
45,5.774410
125,5.035870
49,4.526863
2878,5.419527
328,7.118573
1197,5.333617
1909,5.436423
3482,5.762583
62,6.233144
3082,5.465796
220,6.583131
3633,5.736621
823,5.760849
2913,5.733889
108,7.564083
37,4.884384
678,5.085885
3167,5.575040
923,5.120076
2875,5.605387
3282,5.754237
2878,5.606512
3076,5.637138
32,4.523861
3322,5.596944
46,4.898861
3660,5.788248
2486,5.676906
2011,5.660198
67,5.346633
666,5.637536
128,7.189129
3487,5.748991
3047,5.677086
66,6.811924
2433,5.525442
2287,5.708838
1893,5.291897
3158,5.653374
3387,5.664497
167,8.339145
44,7.280817
2860,5.699980
2500,5.560852
1754,5.177376
2487,5.820383
138,6.761822
180,7.292445
3385,5.704020
3427,5.722317
749,5.904360
80,4.833003
953,5.618923
3323,5.632261
3399,5.643339
738,6.216270
127,6.543967
209,5.638592
41,4.977831
2688,5.481953
2781,5.606339
280,5.654005
206,5.560760
323,5.399901
3143,5.564821
2107,5.391065
1989,5.460651
1631,5.535740
2826,5.596496
107,6.218989
37,4.344279
64,7.965932
1645,5.241986
3034,5.427948
2643,5.445618
202,5.241241
938,5.424427
276,4.818228
2256,5.207508
2207,5.467320
230,6.226038
27,4.237228
397,7.215880
2521,5.608510
1218,5.421669
921,5.909364
26,3.643017
547,5.574117
2957,5.471930
368,6.785646
2084,5.520277
483,7.165356
3461,5.671419
3438,5.816750
2585,5.589861
3231,5.714473
67,4.341556
717,5.476257
287,6.147242
28,3.486459
2170,5.425778
1701,5.115928
87,7.565276
191,7.919445
3166,5.567841
990,5.535830
3509,5.681873
882,5.560756
155,6.603451
3203,5.712847
3260,5.636068
80,4.978754
146,7.824241
26,2.371370
320,5.779570
2449,5.442703
648,6.389111
3743,5.818987
42,5.423345
3330,5.710412
329,5.947126
1997,5.395485
3364,5.702145
2950,5.465646
2140,5.401872
679,6.025871
1629,5.882896
1195,5.284107
151,5.853697
1819,5.524173
3531,5.778072
3505,5.765377
2450,5.525480
26,3.543422
2432,5.445706
3298,5.709793
3173,5.702836
3396,5.733528
1113,5.491954
2266,5.375604
278,6.142044
590,6.464958
37,4.170011
3620,5.711688
632,5.963842
1371,5.265031
118,5.179090
32,5.575349
1731,5.361799
87,6.324579
549,6.168543
71,8.071562
80,5.003088
2792,5.673129
208,7.176357
103,6.234416
2212,5.360918
166,7.027400
41,6.307117
509,7.320441
591,6.581677
3331,5.711702
454,7.265078
149,8.118421
3717,5.815345
3362,5.576702
57,5.997226
3146,5.563554
3769,5.793951
1921,5.257178
538,5.584595
67,5.304635
33,5.118131
2989,5.662737
58,6.318611
2385,5.307130
140,4.385283
734,5.620786
359,6.449742
466,5.330067
3188,5.548915
2812,5.647363
2170,5.775589
38,5.709519
25,4.832379
71,5.318219
3172,5.688402
2867,5.394819
855,6.280852
3953,5.793250
402,5.168234
3666,5.717118
2088,5.457489
1723,5.563808
87,4.755468
255,5.682302
309,5.240411
26,3.243347
3428,5.723337
118,4.648161
2527,5.560033
1755,5.278140
98,5.661456
3102,5.606209
1494,5.185320
3112,5.522425
53,5.537506
100,7.323701
2903,5.554197
126,6.777396
3336,5.585451
377,4.717068
3096,5.672246
3294,5.739380
3419,5.589773
3570,5.662927
516,6.635944
2311,5.492149
3353,5.736384
3436,5.671824
28,5.045893
88,5.657936
55,6.972677
138,6.023980
1816,5.511174
1567,5.553692
1306,5.501656
200,7.856278
3104,5.521919
397,7.072231
3407,5.769109
2790,5.490725
3447,5.651402
2593,5.545285
2688,5.445727
27,3.177764
3010,5.633599
3391,5.729704
3612,5.797504
335,6.193179
3230,5.597622
265,7.106171
2880,5.485250
754,5.575027
268,6.128131
3045,5.784531
3099,5.669980
312,7.072126
537,6.338735
360,7.087573
84,5.802219
3359,5.741918
82,4.629824
680,5.489526
178,5.109415
126,4.830233
153,7.158035
3309,5.703615
2863,5.588640
269,6.246934
382,6.062834
3659,5.816057
92,6.805559
2601,5.628336
977,5.493035
481,6.229109
129,6.434326
3522,5.654332
477,6.007941
1526,5.443262
49,4.935103
1493,5.369447
1359,5.478378
1423,5.583529
202,7.418363
3461,5.688696
35,7.053111
263,7.169528
46,7.387299
229,5.512599
949,5.838624
1888,5.139329
3162,5.645107
1573,5.448510
3441,5.604401
41,4.626055
3767,5.756315
3318,5.776730
292,5.840751
3696,5.783594
99,8.022003
202,7.075606
3042,5.627846
2813,5.651002
1287,5.827737
3784,5.841966
1804,5.498440
39,4.161848
69,6.176358
799,5.778393
41,6.953892
3669,5.676543
1930,5.562324
3276,5.605225
920,5.778340
112,6.649676
2514,5.407539
116,6.118811
71,6.010399
257,5.968557
865,5.779520
3860,5.867879
58,5.502829
3090,5.598214
29,4.665976
1872,5.521967
487,6.721264
669,5.426384
3416,5.689765
1243,5.182990
3009,5.637213
3717,5.805627
1287,6.171186
1221,5.730201
3537,5.629150
677,6.457395
225,7.230891
378,7.003593
117,5.175273
229,5.411930
2288,5.205324
499,6.983189
682,5.853470
1697,5.661910
3541,5.730052
247,6.225793
3058,5.619706
91,5.507370
355,5.808054
2345,5.449825
70,4.652040
3579,5.834790
3114,5.554927
447,7.337074
1727,5.993103
29,4.543562
42,6.558058
1828,5.453374
927,5.992471
947,5.918555
429,7.143273
1922,5.345611
2779,5.481319
31,4.425772
1314,5.551470
1349,5.584059
3169,5.693868
1838,5.277535
1179,5.526986
2960,5.653599
2765,5.645505
3572,5.761644
33,5.242670
3385,5.740098
3725,5.784036
406,6.690612
151,5.845832
3116,5.796397
2227,5.292518
92,4.498518
435,4.807070
980,5.696866
291,5.016350
2138,5.410231
3111,5.657093
2964,5.693978
839,6.039944
89,8.336125
2756,5.583027
1891,5.557495
119,5.554042
2275,5.211579
3598,5.739443
228,4.591445
3687,5.741458
408,6.487835
195,6.122750
2494,5.348839
50,4.533427
2440,5.565774
2143,5.427739
1797,5.519774
514,7.225588
1148,5.827100
3264,5.696521
3323,5.762220
149,6.453251
714,5.360620
26,4.503547
2743,5.319264
65,6.720554
38,5.477797
2502,5.583521
414,5.550256
187,4.753658
2465,5.375696
1106,5.698257
204,5.600923
3352,5.684672
3566,5.701735
2447,5.566325
51,5.053620
40,5.571835
2876,5.454789
28,3.996100
3171,5.520322
936,6.571747
2456,5.439207
634,5.164206
451,5.947376
1644,5.340403
563,5.510460
334,6.001100
2114,5.706376
2652,5.676932
81,6.820933
3552,5.784196
104,7.188948
92,5.185956
2382,5.772114
87,5.513649
1920,5.229935
73,5.454947
294,5.465927
2301,5.372817
1732,5.584723
65,7.926645
730,5.363600
36,5.401333
712,5.556615
46,5.789371
2024,5.236256
26,4.076359
103,6.446313
3261,5.555720
3358,5.786880
3422,5.748946
3436,5.683661
3344,5.658677
155,5.459749
87,5.740202
319,4.973987
3219,5.637080
25,3.941981
3326,5.618563
3020,5.638656
1020,5.352722
575,7.166251
155,7.593702
275,5.989969
2676,5.681245
155,5.519063
1764,5.540423
3647,5.682095
1486,5.336146
3294,5.558947
3054,5.726839
1010,5.589755
28,4.558167
3469,5.694886
3323,5.691352
88,6.517542
144,6.190497
1133,5.606658
3146,5.625605
3651,5.743085
3472,5.726708
3401,5.644913
2797,5.329651
622,5.325606
2893,5.633535
3524,5.587208
432,5.939866
3581,5.811571
3091,5.534968
1333,5.770459
91,4.976822
236,6.474402
611,5.645486
3669,5.726090
142,6.996587
2701,5.629685
1322,5.328593
63,5.472514
158,5.947027
2898,5.548590
296,5.929771
1874,5.474448
1113,5.320477
51,6.446796
1532,5.585151
3569,5.775504
35,4.529482
2016,5.767866
63,5.607230
1864,5.720243
93,5.185662
659,5.551798
37,6.899249
2545,5.478744
133,5.600041
232,6.041369
3656,5.745191
2546,5.736826
65,5.367814
505,6.008977
2510,5.601759
61,7.111564
297,4.615180
313,6.316483
372,6.346636
1965,5.612771
2979,5.597909
2147,5.500434
2718,5.655524
1341,5.367932
385,5.341974
1854,5.524725
68,4.933685
3269,5.638552
29,4.011371
34,5.913424
299,4.925972
1712,5.574639
765,5.773877
3406,5.719392
1647,5.585487
2047,5.230953
1650,5.519535
392,7.039141
3183,5.745802
2185,5.541187
2338,5.538259
149,6.432500
3692,5.789221
45,7.355554
758,6.651603
3458,5.773848
3587,5.647394
2913,5.595909
168,7.058624
515,5.417364
2900,5.524572
58,6.396547
1581,5.550692
1074,5.491069
468,6.127672
3774,5.781965
491,6.199386
43,7.151049
3481,5.682198
70,6.025919
3381,5.523948
3724,5.781669
315,4.676386
3618,5.716966
3274,5.564716
26,5.193384
1981,5.495240
3795,5.797726
239,7.733300
2865,5.692955
290,5.902762
424,4.863184
291,7.058149
3315,5.606865
3227,5.482759
1621,5.635874
3199,5.676474
844,5.277051
3589,5.711717
2677,5.407677
3209,5.572653
2710,5.404590
2360,5.452397
3440,5.750078
30,5.469400
2533,5.322984
80,5.806749
824,5.132007
2681,5.497275
3420,5.637775
3745,5.808463
3123,5.578345
814,5.229104
170,6.196794
3060,5.622914
2895,5.552215
1965,5.566373
55,5.827286
591,6.577075
58,6.611540
2991,5.714692
74,7.108765
770,6.283788
52,4.180304
3340,5.715915
45,5.758881
1701,5.515640
520,6.640328
575,5.671579
90,7.178763
49,6.312886
3326,5.567202
2966,5.628526
3286,5.745077
36,5.282548
3055,5.557156
2847,5.850595
255,5.414022
3118,5.840480
1998,5.578262
385,5.219465
3349,5.797425
3192,5.640400
1765,5.332678
75,7.268655
1090,5.241648
199,7.171671
2916,5.472925
329,5.877080
1431,5.550405
2223,5.424805
32,5.078443
2440,5.453167
3408,5.703832
2950,5.717309
115,6.745853
2568,5.596774
96,7.600077
76,5.476463
251,7.340654
1663,5.749999
321,5.880146
267,5.454177
234,5.632758
2630,5.769304
55,5.426824
97,6.934961
71,7.287075
3650,5.732209
1623,5.475764
3871,5.820068
2491,5.569818
74,8.123022
2842,5.595830
128,6.105304
25,3.507561
409,5.961753
2806,5.367072
93,5.181595
91,7.965212
483,5.884913
3803,5.770539
2464,5.665563
87,6.828509
2004,5.134418
564,4.898234
3298,5.646925
429,5.763660
879,6.043050
91,7.354221
232,6.547805
3536,5.778352
65,5.688050
2215,5.225023
450,6.310984
3714,5.791141
2281,5.493184
2724,5.371351
36,5.678954
3917,5.789643
2252,5.640828
413,6.421762
2369,5.477701
3137,5.668363
55,6.708615
2826,5.621704
404,6.086034
660,6.656784
37,3.920242
2206,5.515025
593,5.008524
2496,5.480060
74,5.759609
292,5.481865
3342,5.770831
101,5.851732
693,6.463656
1283,5.744115
2482,5.382466
435,6.162738
2719,5.407860
28,3.416665
300,4.680838
67,4.390269
3305,5.559915
120,5.120201
36,3.886753
655,6.462155
2847,5.517726
68,6.644730
2651,5.865860
3201,5.526043
1236,5.505720
454,6.131273
113,7.149907
84,6.726429
488,5.737059
3094,5.558893
902,5.383073
96,6.501666
2793,5.547367
709,6.402723
2936,5.463150
151,7.358702
879,5.164316
1584,5.686101
1402,5.836703
164,6.017752
2449,5.686837
2956,5.586896
1509,5.641299
3096,5.645146
3208,5.659681
407,6.335490
1337,5.705404
2103,5.522160
3156,5.560162
281,7.226335
131,6.252307
55,6.473717
3191,5.735748
2411,5.210220
1942,5.229127
1400,5.456116
3619,5.769120
2414,5.646601
2296,5.314873
2510,5.403742
63,4.320053
412,5.032493
50,5.374847
3337,5.690137
666,5.923218
59,5.086241
3520,5.702164
109,5.949928
674,5.155445
433,5.261220
1414,5.448749
381,6.255179
91,5.039141
2380,5.575149
3392,5.794537
127,6.014838
218,6.521296
67,5.170652
3086,5.451682
230,5.539439
891,6.201865
3070,5.689489
3619,5.785569
326,4.948840
44,4.773124
379,6.197965
1305,5.620521
938,5.674549
121,6.482124
221,5.105754
3345,5.738862
29,6.162228
2981,5.716368
2851,5.437620
3098,5.644101
444,5.474913
360,6.479769
178,7.202652
243,6.859595
379,4.669151
2728,5.548370
191,6.197470
31,4.737005
3049,5.646586
252,5.045464
1850,5.769778
1327,5.570601
691,5.919857
62,3.886843
46,6.651744
3365,5.713615
3425,5.725596
3180,5.612248
966,5.426367
489,5.897037
477,6.811013
3351,5.721717
277,6.361148
25,5.079560
260,6.020447
3395,5.682255
2597,5.538147
1578,5.199406
354,6.199176
791,5.102169
1665,5.536873
3785,5.823714
53,7.031202
58,6.148501
3215,5.629425
2683,5.421174
3724,5.781669
2951,5.569267
506,5.915095
3442,5.746105
452,6.101198
3621,5.797400
1309,5.510499
658,6.015056
146,6.989654
3441,5.712459
119,4.724319
794,6.002646
3172,5.456852
51,4.232151
2481,5.584403
2326,5.580530
2116,5.399922
77,6.619933
3118,5.587395
79,5.832018
3009,5.530049
2464,5.508541
396,6.917864
50,7.421468
3405,5.631967
1024,5.146905
75,6.540249
3122,5.515676
924,5.297275
88,6.187528
226,7.744054
2752,5.351086
2849,5.361829
2517,5.534819
288,6.817214
282,6.761753
390,5.170914
278,5.171464
506,6.506073
665,5.795333
63,6.323625
3464,5.693936
1830,5.482353
170,6.548382
2263,5.416585
2309,5.566145
357,4.586057
1013,6.124914
1754,5.609332
908,5.387067
3585,5.743020
1668,5.477307
1009,5.689232
1170,5.574893
332,5.352708
2089,5.671095
3518,5.815615
3506,5.707638
3104,5.489001
26,3.745477
3303,5.805466
3233,5.608937
1249,5.659373
64,6.138517
70,7.307147
788,5.974117
1149,6.117472
3734,5.738536
3603,5.797127
378,5.927434
3630,5.705704
224,5.395872
